0: 0 , 0.0 , 0.0 , 0.0 , 0 , 0 , 0 , 0 , 0 , 0 , 0 , 0 , 0 , 0 , 0 , 0.2206896551707227 , 0 , 0 , 0.8966861598353151 , 0 , 0 , 0 , 0 , 
1: 0 , 0 , 0.0 , 0 , 0 , 0 , 0 , 0.7579318448839135 , 0 , 0 , 
2: 0 , 0.0 , 0.0 , 0.0 , 0 , 0 , 0 , 0 , 0.6063829787162366 , 0 , 0 , 0 , 0 , 0 , 0.11415525114141532 , 0 , 0.36680497925159006 , 0.06753069577034428 , 0.6428571428380102 , 0 , 0.03422190201728079 , 0.2933104631212249 , 0.8081661386807175 , 0 , 0 , 0.20432692307528585 , 0.29166666666377317 , 0 , 0 , 0.22343594836036032 , 0.9462564862826307 , 
3: 0 , 0.0 , 0.7184325108749139 , 0.0 , 0.0 , 0 , 0 , 
4: 0 , 0.0 , 0.0 , 0.0 , 0.0 , 0.0 , 0.0 , 0.0 , 0.0 , 0.0 , 0.0 , 0.0 , 0 , 0 , 0 , 0 , 0 , 0 , 0 , 0 , 0 , 0 , 0 , 0 , 0 , 0 , 0.47347480105472844 , 0.8504672897179703 , 0 , 0 , 0 , 0 , 0.5569143932214778 , 
5: 0 , 0.0 , 0.0 , 0.0 , 0.0 , 0.0 , 0 , 0 , 0 , 0 , 0 , 0 , 0 , 0.5666957279811099 , 0.70505287896178 , 0.5290476190471152 , 0.5937277262993734 , 0 , 0 , 
6: 0 , 0.0 , 0.0 , 0 , 0 , 0 , 0 , 0 , 0 , 0 , 0 , 0 , 0 , 0 , 0 , 0 , 0 , 0 , 0 , 0 , 0 , 0 , 0.6476426798953876 , 0.7124010553995725 , 0 , 0 , 
7: 0 , 0.0 , 0.0 , 0.0 , 0.0 , 0.0 , 0.0 , 0.0 , 0.0 , 0.0 , 0.0 , 0.0 , 0.0 , 0.0 , 0.33043478260689985 , 0.0 , 0.0 , 0 , 0.5185185185116598 , 0.8245614035021965 , 0.8311688311598359 , 0 , 0 , 0 , 0 , 0 , 0.1433902684080043 , 0.18237082066834656 , 0 , 0.0069277564893579 , 
8: 0 , 0.0 , 0.0 , 0.0 , 0.0 , 0.0 , 0 , 0 , 0 , 0.7538461538403551 , 0 , 0 , 0.5142721217875493 , 0.4965517241348179 , 0.7157863145236621 , 0.7652651909071718 , 0.07594936708723418 , 
9: 0 , 0.0 , 0.0 , 0.0 , 0.0 , 0.0 , 0.0 , 0.9022556390902068 , 0.0 , 0 , 0 , 0 , 0 , 0.27213822893972545 , 
10: 0 , 0.0 , 0 , 0 , 0 , 0 , 0 , 0 , 0 , 0 , 0 , 0 , 0 , 0 , 0 , 0 , 0 , 0.7404148334334355 , 0 , 0 , 0.126550868485829 , 0 , 0 , 
11: 0 , 0.0 , 0.0 , 0.0 , 0.0 , 0.6110714285692462 , 0 , 0 , 0 , 0.4730434782526427 , 0.5238095238025952 , 0.9135195530705843 , 0.6858185134487651 , 0 , 0 , 
12: 0 , 0.0 , 0.0 , 0.0 , 0.0 , 0 , 0 , 0 , 0 , 0 , 0 , 0 , 0 , 0 , 0 , 0 , 0 , 0 , 0 , 0 , 0.4770584537996414 , 0.34688995215103535 , 0.731417244795793 , 0.8307692307676529 , 0.8581699346386532 , 
13: 0 , 0.0 , 0.0 , 0.0 , 0 , 0 , 0 , 0 , 0.5594135802425971 , 0.7690195001352128 , 0 , 0 , 0.611790878747366 , 0.7428571428512473 , 0.837654320985069 , 0.8571194225714754 , 0 , 0 , 
14: 0 , 0.0 , 0.0 , 0.0 , 0.49717514123357487 , 0.8464582508870342 , 0.8286189683791297 , 0.0 , 0.7301587301539011 , 0.4629258517003145 , 0.0 , 0.8987854250951499 , 0.7371681415896586 , 0.0 , 0.0 , 0.4418604651118113 , 0 , 0 , 0 , 0 , 0 , 0.365413533831839 , 
15: 0 , 0.0 , 0.0 , 0.0 , 0.7535885167373972 , 0.59659090907961 , 0.0 , 0.0 , 0.0 , 0.0 , 0 , 0 , 0 , 0 , 0 , 0 , 0.2687747035546564 , 0.10243902438941108 , 0.8540515653755661 , 0.7717996289396223 , 
16: 0 , 0.0 , 0.0 , 0.0 , 0.0 , 0.7253176930560835 , 0.0 , 0.0 , 0.5728643216032424 , 0.0 , 0.0 , 0 , 0.6682027649666943 , 0 , 0 , 0 , 0 , 0 , 
17: 0 , 0.0 , 0.849772382395423 , 0.0 , 0.0 , 0.0 , 0.7333333333251851 , 0.0 , 
18: 0 , 0.41428010984537356 , 0.0 , 0.0 , 0.0 , 0.0 , 0.9015594541822461 , 0.9180282470204431 , 
19: 0 , 0 , 0.0 , 0.0 , 0.0 , 0 , 0 , 0.6686217008748635 , 0 , 0 , 0 , 0 , 0 , 0 , 0 , 0 , 0.5571428571392394 , 0.9874999999975312 , 0 , 0 , 0 , 0 , 0 , 0 , 0 , 0 , 0.7665056360667392 , 0 , 0 , 
20: 0 , 0.0 , 0.5073529411640355 , 0.0 , 0.25599999998976 , 0.0 , 0.0 , 0.39767441860280156 , 0.6120218579179234 , 0.9629629629607614 , 0.0 , 0 , 0.4088050314413987 , 0 , 0.2999999999909091 , 
21: 0 , 0 , 0 , 0 , 0 , 0 , 0 , 0 , 0 , 0 , 0 , 0 , 0 , 0 , 0 , 0 , 0 , 0 , 0.44973544972950086 , 0 , 0.19424460431538224 , 0.6625132555655819 , 0.1949579831900007 , 0.8481532147684805 , 0 , 
22: 0 , 0.0 , 0.0 , 0.13155976676336895 , 0.786290322575361 , 0.1256544502608403 , 0.693641618492098 , 0.15071770334747944 , 0.0 , 0.25352112675937316 , 0.0 , 0.8391534391504792 , 0.0 , 
23: 0 , 0.0 , 0.0 , 0.0 , 0.0 , 0.0 , 0.7760869565161154 , 0.0 , 0.0 , 0.0 , 0.6837606837509436 , 0.8163078332532464 , 0.0 , 0.0 , 0.0 , 0.009605399792313899 , 
24: 0 , 0.0 , 0.0 , 0.0 , 0 , 0 , 0 , 0 , 0 , 0 , 0.19982698961894502 , 0 , 0 , 0 , 0 , 0 , 
25: 0 , 0.0 , 0.0 , 0.0 , 0.8474576271055861 , 0.6478754732853513 , 0.0 , 0.7529266789848865 , 0.5560439560409008 , 0.0 , 0.8038942976300147 , 0.008323244552053912 , 0.0 , 0.0 , 0.49715909090438304 , 0.5627425614416204 , 
26: 0 , 0.0 , 0.004808296668760274 , 0.7144170798014096 , 
27: 0 , 0.0 , 0.0 , 0.0 , 0.0 , 0.0 , 0.0 , 0.0 , 0.0 , 0.0 , 0.0 , 0.0 , 0.36099585061866185 , 0.4847457627036484 , 0.8294930875448618 , 0.0 , 0.005752636625064692 , 0.0 , 0.0 , 0.039603960395712845 , 0.0 , 0.3744239631293269 , 0.2604166666658447 , 
28: 0 , 0.0 , 0.0 , 0 , 0 , 0 , 0 , 0.6415891800452952 , 0 , 0 , 0.6736842105212505 , 0 , 0 , 0 , 0.6626643796442488 , 0.8097591105595746 , 0.8091353996720858 , 0.583333333325968 , 0 , 
29: 0 , 0.0 , 0.0 , 0.0 , 0.0 , 0 , 0 , 0 , 0.505665722372441 , 0.7504976774999967 , 0.5853658536537776 , 0.8391608391461685 , 0 , 0 , 0 , 0 , 0 , 0 , 0 , 0 , 0.6617647058779295 , 0.7733265720061528 , 0.8087912087889869 , 
30: 0 , 0.0 , 0.0 , 0.6078431372521932 , 0 , 0 , 0.8235294117589389 , 
31: 0 , 0.0 , 0.0 , 0.0 , 0.0 , 0.0 , 0 , 0 , 0 , 0 , 0 , 0 , 0 , 0 , 0 , 0 , 0.4466249365582023 , 0 , 0 , 0 , 0 , 
32: 0 , 0.41599999999667203 , 0.0 , 0.0 , 0.0 , 0.0 , 0 , 0 , 0.3532608695620176 , 0 , 0 , 0 , 0.503016591248092 , 0.646023072251273 , 0.8342170378196033 , 
33: 0 , 0.0 , 0.0 , 0 , 0 , 0 , 0 , 0.7973950795890203 , 0.2787878787860015 , 0 , 0.7599787120768495 , 0.792613636362028 , 0 , 0.759368836290041 , 0.9203124999976033 , 0 , 
34: 0 , 0 , 0 , 0 , 0 , 0 , 0 , 0.39568965516900273 , 0 , 0 , 0 , 0 , 0 , 0 , 0 , 0 , 0.757211538459516 , 0.5718358038757662 , 0 , 0 , 0 , 
35: 0 , 0.0 , 0.0 , 0.0 , 0.0 , 0.0 , 0 , 0 , 0 , 0 , 0 , 0.7413793103306249 , 
36: 0 , 0.34146341462951946 , 0.0 , 0.8032454361000457 , 0.0 , 0.0 , 
37: 0 , 0.0 , 0.0 , 0.0 , 0.0 , 0.0 , 0.0 , 0.0 , 0.0 , 0 , 0 , 0.35400806090382 , 0 , 
38: 0 , 0.0 , 0.024306874287792227 , 0.349188584217408 , 0.24031007751821556 , 0.0 , 0.004772727272723657 , 0.7749999999973091 , 0.6269956458544703 , 0.4269662921318331 , 0.8214285714253827 , 
39: 0 , 0.0 , 0.0 , 0.5990099009752721 , 0.8959999999880534 , 0.5803698435249864 , 0.6184738955781897 , 0.0 , 0.0 , 0.0 , 0.6021551724134686 , 0.6470588235207613 , 0.41059602648780025 , 0.6823529411737025 , 
40: 0 , 0.0 , 0.3816326530534361 , 0.0 , 0.0 , 0.894736842103452 , 0.0 , 0 , 0 , 0 , 0.26565464895383634 , 0.6971830985866396 , 0 , 0.7699901283306022 , 0 , 0 , 0 , 0 , 0.7307692307476104 , 
41: 0 , 0.0 , 0.5431266846287989 , 0.0 , 0.6482213438671124 , 0.6945736434081606 , 0.0 , 0.0 , 0 , 0 , 0 , 0 , 0 , 0 , 0 , 0 , 0 , 0 , 0 , 0.6399249354910627 , 0.547120418844587 , 0.1774193548371199 , 0.5388624518455951 , 
42: 0 , 0.0 , 0.0 , 0 , 0 , 0 , 0 , 0 , 0 , 0 , 0 , 0 , 0 , 0 , 0 , 0 , 0 , 0 , 0.8611803823702313 , 0.8154585798786411 , 0.9136842105235679 , 0.8297872340315188 , 0 , 0 , 0 , 0 , 
43: 0 , 0.0 , 0.5528846153713248 , 0.0 , 0.0 , 0.0 , 0.0 , 0.0 , 0 , 0 , 0 , 0 , 0 , 0 , 0.6842723004683362 , 0 , 0 , 0 , 0 , 0 , 0 , 0 , 0.48148148147742864 , 0 , 0.6875066116569475 , 0.9074074074014061 , 0 , 0.04444444444404939 , 0 , 
44: 0 , 0.0 , 0.0 , 0.0 , 0.0 , 0.0 , 0 , 0 , 0 , 0.4577464788651805 , 
45: 0 , 0.0 , 0.0 , 0.0 , 0.0 , 0.0 , 0.0 , 0.0 , 0.0 , 0 , 0 , 0 , 0 , 0.5482456140316526 , 0.675590551177556 , 0.972689861576931 , 0 , 0 , 0.46357615893272225 , 0 , 0 , 0 , 0 , 0 , 0.7384615384388166 , 
46: 0 , 0.0 , 0.0 , 0.0 , 0 , 0 , 0 , 0 , 0.8443012211654608 , 0 , 0 , 0 , 
47: 0 , 0.0 , 0.0 , 0.0 , 0 , 0 , 0 , 0 , 0 , 0 , 0 , 
48: 0 , 0.7128874388215721 , 0.13926653718709098 , 0.0 , 0.0 , 0.0 , 0.0 , 0.0 , 0.0 , 0.34285714285510205 , 0.8987749838755721 , 0.0 , 0 , 0 , 0 , 0.19008264462585497 , 0.35294117646410034 , 0 , 0.33070866141081284 , 
49: 0 , 0.0 , 0.0 , 0.0 , 0.0 , 0.0 , 0 , 0 , 0 , 0 , 0 , 0 , 0 , 0.7602339181266342 , 0.16038433111574207 , 
50: 0 , 0.0 , 0.7349081364732951 , 0.0 , 0.0 , 0.0 , 0.0 , 0.0 , 0.0 , 0.4685990338159898 , 0.0 , 0.23852183650593642 , 0.0 , 
51: 0 , 0.0 , 0.006604552423627072 , 0.0 , 0.0 , 0.0 , 0 , 0 , 0 , 0 , 0.22979797979652908 , 0.8624078624057435 , 0 , 0 , 0 , 0 , 0 , 0.3751451800210503 , 0.8594164456157435 , 0.8703999999953579 , 0.9016100178877436 , 0 , 
52: 0 , 0.0 , 0.0 , 0.0 , 0.0 , 0.0 , 0.461538461535503 , 0.5646893974751767 , 0 , 0.5914127423812475 , 0.9218163195614172 , 0 , 0 , 0 , 0 , 0 , 0.6050531914853388 , 0 , 0 , 0.06632653061209108 , 0.5305309734508579 , 
53: 0 , 0.5873320537371658 , 0.0 , 
54: 0 , 0.0 , 0 , 0 , 0 , 0 , 0 , 0.48408785297855633 , 0 , 0.9124423963091592 , 0 , 0.09642857142799746 , 0 , 
55: 0 , 0.0 , 0.0 , 0.0 , 0.0 , 0.707317073167537 , 0.0 , 0.0 , 0.8650568181756744 , 0 , 0 , 0 , 0 , 0 , 0.7375415282361398 , 0 , 0.18115942028955673 , 0 , 0.09828009827768354 , 
56: 0 , 0.0 , 0.0008568062546847415 , 0.0 , 0.0 , 0.0 , 0.8271308523359716 , 0 , 0.9528409090882022 , 0.4281481481418052 , 0.7977855477808987 , 0 , 0 , 0.3239965347959515 , 0 , 0 , 0 , 0.5994832041266217 , 0.04696673189777919 , 0 , 
57: 0 , 0.0 , 0.0 , 0.0 , 0.0 , 0.0 , 0.0 , 0 , 0 , 0.650537634402773 , 0 , 0 , 0.46104725414481423 , 0.5355884425614124 , 0.9297573435445099 , 0 , 0.08880666049912671 , 0 , 
58: 0 , 0.0 , 0 , 0 , 0 , 0 , 0 , 0 , 0 , 0 , 0 , 0.4334038054937745 , 0.7978395061697614 , 0 , 0 , 0 , 0 , 0.791020844463971 , 0 , 0 , 0 , 
59: 0 , 0.0 , 0.0 , 0.0 , 0.2333333333330247 , 0.0 , 0.0 , 
60: 0 , 0.0 , 0.0 , 0.0 , 0.0 , 0.0 , 0 , 0 , 0 , 0 , 0 , 0 , 0 , 0 , 0 , 0 , 0 , 0 , 0.5526657997363286 , 0.9029850746246194 , 0.9198113207503783 , 0.897862232774832 , 0 , 
61: 0 , 0.0 , 0.0 , 0.0 , 0.6848888888881278 , 0.7126193001022662 , 0.2380952380932135 , 0.373645320196124 , 
62: 0 , 0.0 , 0.0 , 0.0 , 0.0 , 0 , 0 , 0 , 0 , 0.35726495726190377 , 0.3093333333305837 , 0.7616121453085819 , 0 , 0 , 0.5909090908963006 , 0 , 0.9761904761866025 , 0 , 0 , 0 , 0 , 
63: 0 , 0.0 , 0.897345132741094 , 0.0 , 0.0 , 0.7985668789793022 , 
64: 0 , 0.43173431734051826 , 0.5677248677233658 , 0.7845410627981424 , 0.03862401931199856 , 0.5170068027198323 , 0.0 , 0.6885688568841392 , 0.4166666666645623 , 0.0 , 0.5376623376576827 , 0.7251057285631484 , 0.5885057471129079 , 0.439396424470691 , 0.3793701958830167 , 
65: 0 , 0.0 , 0.0 , 0.0 , 0.0 , 0.0 , 0.0 , 0.5422535211172138 , 0.0 , 0.0 , 0.4516129032197364 , 0.0 , 0 , 0.15258855585623177 , 0 , 0 , 0 , 0.3874345549712864 , 0.0958188153301758 , 0.266112266110422 , 0.157618213658865 , 0.4329896907200553 , 0.4805825242640682 , 0.13179916317945678 , 0.675287356320453 , 0 , 0 , 0.21448467965976364 , 0 , 0.42618384400520637 , 0 , 
66: 0 , 0.0 , 0.0 , 0.0 , 0.0 , 0.0 , 0 , 0 , 0 , 0 , 0.857142857133365 , 0 , 0 , 0 , 0.8210818307867727 , 0.4693877550951984 , 0 , 0 , 0 , 
67: 0 , 0.0 , 0.0 , 0.04107981220609061 , 0.0 , 0.0 , 0.0 , 0.002708956487385912 , 0 , 0.5295315682173212 , 0.9863013698585101 , 0 , 0 , 0.4936014625210472 , 0.6885245901413598 , 0 , 0 , 0 , 0.33543638275146753 , 
68: 0 , 0.662893081752668 , 0.0 , 0.0 , 0.0 , 0.0 , 0 , 0 , 0 , 0 , 0 , 0 , 0 , 0 , 0 , 0 , 0.6507042253484467 , 0.039999999999911114 , 0 , 0 , 
69: 0 , 0.5783699059530911 , 0.0 , 0.15757575757337006 , 0.0 , 0.6138392857097185 , 0.8556876061047906 , 0.0 , 0.0 , 0.019679300291401757 , 
70: 0 , 0.0 , 0.0 , 0.0 , 0.0 , 0.0 , 0.0 , 0.0 , 0.0 , 0.0 , 0.0 , 0.0 , 0.8541826554040355 , 0 , 0 , 0 , 0 , 0 , 0.22936507936325903 , 0.7083591331258384 , 0 , 0 , 0 , 0 , 0.070815450643017 , 
71: 0 , 0.0 , 0.0 , 0.0 , 0.0 , 0 , 0 , 0 , 0 , 0.6761363636325219 , 0 , 0 , 0 , 0.0476704055218989 , 0.3406538557520082 , 0 , 0 , 0.14621409921543765 , 0.48837209301831774 , 
72: 0 , 0.79799999999202 , 0.0 , 0.0 , 0.0 , 0.0 , 0.0 , 0 , 0 , 0 , 0 , 0 , 0 , 0 , 0.7236842105248044 , 0 , 0.47729988052473654 , 0.3333998005975406 , 0.8064729194169827 , 0 , 0 , 
73: 0 , 0.0 , 0.6953511374807582 , 0.38723404254907196 , 0.0 , 0.33212996389651894 , 0.0 , 
74: 0 , 0.0 , 0.4959016393422299 , 0.0 , 0.0 , 0.014339622641401211 , 0.0 , 0.8171806167310883 , 0.0 , 0.42506459948278164 , 0.0 , 0.0 , 0.6466753585376576 , 
75: 0 , 0.0 , 0.0 , 0.0 , 0.0 , 0.0 , 0.0 , 0 , 0 , 0 , 0 , 0 , 0 , 0.5158371040607277 , 
76: 0 , 0.0 , 0.0 , 0.0 , 0.0 , 0 , 0 , 0 , 0 , 0 , 0 , 0 , 0.7697283311739124 , 0.44208664897929195 , 0.9512195121888516 , 0 , 0 , 0 , 0.6111111111051549 , 0 , 0.1713178294560363 , 0.6622596153766556 , 0.6806020066851695 , 0.8148148148056699 , 0.6966618287339301 , 0.7876447876424484 , 0 , 0 , 
77: 0 , 0.0 , 0.0 , 0.4517374517330914 , 0.0 , 0.0 , 0.29593810444759794 , 0.0 , 0.00834724540894535 , 0.9666666666595063 , 0 , 0 , 0 , 0.308641975303879 , 0.3097643097608332 , 0 , 0 , 0.6301824212264509 , 0.8305084745695682 , 0 , 0 , 0 , 0.20381406435990687 , 0.5672659640415713 , 0.003941172208939515 , 
78: 0 , 0.0 , 0.4907088781813809 , 0.0 , 0.0 , 0.0 , 0.0 , 0.0 , 0.3675675675635939 , 0.8916201117268625 , 
79: 0 , 0.6944444444251543 , 0.0 , 0.0 , 0.0 , 0.0 , 0.0 , 0.7217705510355837 , 0.9086389061472429 , 0.9347228584495311 , 0.60810810810126 , 0.0 , 0 , 0 , 0 , 0.4925110132136894 , 0 , 
80: 0 , 0.0 , 0.0 , 0.0 , 0.0 , 0.0 , 0 , 0 , 0 , 0 , 0 , 0 , 0 , 0.6112054329319933 , 0 , 0.8326530612159934 , 0.6659242761544337 , 0 , 0 , 
81: 0 , 0.0 , 0.0 , 0.0 , 0.0 , 0.0 , 0.0 , 0.0 , 0.0 , 0.0 , 0 , 0 , 0 , 
82: 0 , 0.0 , 0.0 , 0.0 , 0.0 , 0.0 , 0.0 , 0.7425647585521504 , 0.9701492537283267 , 0 , 0.25384615384506903 , 0 , 
83: 0 , 0.0 , 0.0 , 0.0 , 0.0 , 0 , 0 , 0 , 0.3965517241330474 , 0.8854700854625174 , 0.7659574468030784 , 0 , 0 , 0 , 0 , 0 , 0 , 0 , 0 , 0 , 
84: 0 , 0.9193548387018732 , 0 , 0.3366336633630036 , 0 , 0.7699530516409333 , 0.6765292553168999 , 0.790405904056124 , 0 , 0 , 
85: 0 , 0.0 , 0.0 , 0.0 , 0.0 , 0.0 , 0.0 , 0 , 0 , 0 , 0.5256782945710965 , 0.7132530120467605 , 0 , 0 , 0 , 0 , 0 , 0 , 0 , 0 , 0.13928571428447067 , 0 , 0 , 0 , 0 , 0 , 0 , 
86: 0 , 0.0 , 0.0 , 0.0 , 0.0 , 0.5599999999875556 , 0 , 0 , 0 , 0 , 0 , 0 , 0 , 0 , 0 , 0 , 0 , 0 , 0 , 0 , 0.8171530672970986 , 0.82524271843859 , 0 , 0 , 0 , 0.12994350282419137 , 0.6666666666590039 , 0.8310719131558273 , 0 , 
87: 0 , 0.0 , 0.0 , 0.0 , 0.0 , 0.0 , 0.0 , 0.0 , 0 , 0 , 0 , 0 , 0 , 0 , 0.12565445025849073 , 0 , 0.3776223776179764 , 0 , 0 , 0 , 0 , 0.007927823771082452 , 0.4708926261299229 , 0 , 0.5896328293609151 , 0.6492537313311706 , 0 , 0 , 0 , 0 , 0 , 0 , 0.22988505746597965 , 0 , 0 , 0 , 
88: 0 , 0.0 , 0.0 , 0.0 , 0 , 0 , 0 , 0.6613226452839547 , 0 , 0 , 0 , 0 , 0 , 0 , 0.83428571428291 , 0 , 0 , 0 , 0 , 0.6510396975419177 , 0 , 0 , 0 , 0 , 0.4448010269547831 , 
89: 0 , 0.0 , 0.8962962962907637 , 0.0 , 0.9402129402114001 , 0.8912912912886147 , 0.0 , 0.0 , 
90: 0 , 0.0 , 0.0 , 0.0 , 0.33216783216202506 , 0.0 , 0.0 , 0.0 , 0.0 , 0.7923169267683304 , 0.0 , 0 , 0.3162832929778891 , 0 , 0 , 0.2960725075439253 , 
91: 0 , 0.8399999999992727 , 0.3343419062001941 , 0.40316205533198457 , 0.0 , 0.0 , 0.0 , 0.0 , 0.6227027026993368 , 0.0 , 0.5999999999925926 , 0.0 , 
92: 0 , 0.0 , 0.0 , 0.0 , 0.0 , 0.0 , 0.0 , 0.4689655172305985 , 0.0 , 0.0 , 0.0 , 0.0 , 0.374753451669137 , 0.7489597780756039 , 0.0 , 0.0 , 0.0 , 0.20223671947621402 , 0.9661016949137656 , 0.0 , 0.44859813083413397 , 0.59536082474035 , 0 , 
93: 0 , 0.0 , 0.0 , 0.0 , 0.0 , 0.0 , 0.0 , 0.0 , 0.0 , 0.0 , 0.0 , 0.0 , 0.6921296296216188 , 0.9999999999924982 , 0.7189349112413523 , 0.0 , 0 , 0.5501930501877395 , 0.6363636363422099 , 
94: 0 , 0.0 , 0.10533159947847423 , 0.0 , 0.0 , 0.0 , 0.0 , 0.0 , 0.0 , 0 , 0 , 0.4879032257966148 , 0.5187192118201048 , 0.778138026863388 , 0.8883666274944525 , 0.4113924050589515 , 0.022204978212852982 , 0.282440846823705 , 0 , 0 , 0.29801324503201615 , 0 , 
95: 0 , 0.0 , 0.0 , 0.0 , 0.42693773824108083 , 0.0 , 0 , 0 , 0 , 0 , 0.3046421663428209 , 0.314814814813459 , 0 , 0 , 0 , 0.40268456375388495 , 0.5947712418106283 , 0 , 0.49240607513792006 , 0 , 0 , 0 , 0.7211678832064149 , 0.8599999999957001 , 0.7598499061771135 , 0.4313364055259785 , 0 , 0.3632352941123054 , 0 , 
96: 0 , 0.0 , 0.0 , 0.0 , 0 , 0 , 0 , 0 , 0 , 0 , 0 , 0 , 0 , 0 , 0.6656394452978982 , 0.470766894453525 , 0 , 0.5555555555384087 , 0 , 0 , 0 , 
97: 0 , 0.0 , 0.0 , 0.0 , 0.0 , 0 , 0 , 0.28019323671159185 , 0.37037037036351167 , 0 , 0.4778820375319106 , 0 , 0 , 0 , 0 , 0 , 0 , 0 , 0 , 0.22368421052435367 , 0 , 0 , 0.05714285714269223 , 0.03836763167066905 , 0.3756395120027788 , 0 , 0 , 0 , 0.29824561402985533 , 
98: 0 , 0.0 , 0.052325581393827744 , 0.0 , 0 , 0 , 0 , 0 , 0.6479099678352426 , 0.8232258064409906 , 0.6745442268691794 , 0.9322033898272168 , 0 , 0 , 0 , 
99: 0 , 0.0 , 0.0 , 0.8311432325832383 , 0.645100796998019 , 0.8903020667691165 , 0.7233814874251411 , 0.0 , 0.5566692366979311 , 0.644906554354712 , 
100: 0 , 0.0 , 0.0 , 0 , 0 , 0 , 0 , 0 , 0 , 0 , 0 , 0 , 0 , 0.835195530723924 , 0 , 0 , 0.6264073694973961 , 0.3629032257918184 , 0.4390243902385485 , 0 , 
101: 0 , 0.0 , 0.0 , 0.0 , 0.0 , 0.0 , 0 , 0 , 0.10111111111073663 , 0.8669598680577846 , 0 , 0 , 0 , 0 , 
102: 0 , 0.0 , 0.0 , 0.0 , 0.0 , 0.0 , 0 , 0 , 0.93023255813512 , 0 , 0 , 0 , 0 , 0 , 
103: 0 , 0.6749999999879465 , 0.0 , 0.0 , 0.536219816817829 , 0.6321662177736354 , 0.4708029197074564 , 0.0 , 0.0 , 0.0 , 0.0 , 0.0 , 0 , 0 , 0 , 0 , 0 , 0 , 0 , 0 , 0 , 0.8081896551637049 , 0 , 0 , 0 , 0 , 0.6200956937790566 , 0 , 0 , 0 , 0.8484519282975328 , 0 , 0.18055555555471967 , 
104: 0 , 0.0 , 0.0 , 0.0 , 0.0 , 0.8329751904652608 , 0.0 , 0 , 0 , 0 , 0 , 
105: 0 , 0.0 , 0.0 , 0 , 0 , 0 , 0.4986149584349414 , 0 , 0.5958333333209201 , 0 , 0 , 0 , 0.9003914745502376 , 0.7560975609602419 , 0 , 0 , 0 , 0 , 0 , 
106: 0 , 0.0 , 0.0 , 
107: 0 , 0.0 , 0.0 , 0.0 , 0.0 , 0.9105691056861216 , 0.0 , 0.0 , 0.0 , 0.0 , 0.0 , 0.0 , 0.06790123456685337 , 0.0 , 0.19907834101199007 , 0.6012820512807665 , 0.733019853707594 , 
108: 0 , 0.8141962421669405 , 0.7684210526279023 , 0.0 , 0.0 , 0.0 , 0.0 , 0.0774410774402083 , 0.0 , 0.06572438162520945 , 0.5869565217359405 , 0 , 0 , 0 , 0 , 0 , 0 , 0 , 0 , 0.8546511627871485 , 0 , 0 , 0 , 0 , 0 , 0.3907335907305735 , 0.27272727272505903 , 
109: 0 , 0.0 , 0.0 , 0.0 , 0 , 0 , 0 , 0 , 0.5827338129286787 , 0 , 0 , 0 , 0 , 0.8308080808010876 , 0.7810810810789701 , 0 , 0 , 0 , 0 , 0 , 0.6162988115397598 , 0 , 0 , 0.6769230769220755 , 
110: 0 , 0.0 , 0.0 , 0.0 , 0.0 , 0.0 , 0.0 , 0.0 , 0 , 0 , 0 , 0 , 0 , 0.8156028368770225 , 0.5806451612849711 , 0 , 0.08360437610874955 , 0 , 0 , 0 , 0 , 
111: 0 , 0.0 , 0.0 , 0.0 , 0 , 0 , 0.633371169118804 , 0 , 0 , 0 , 0 , 0 , 0 , 0 , 0 , 0.8062499999958008 , 0 , 0 , 0 , 0.20027720027581236 , 0 , 
112: 0 , 0.0 , 0.0 , 0.0 , 0.0 , 0.0 , 0.0 , 0 , 0 , 0 , 0 , 0 , 0.5100354191233174 , 0 , 0 , 0 , 0 , 0 , 0.6695727985992191 , 0.5161290322530193 , 0 , 0.8714524206975316 , 0 , 0 , 0 , 0 , 0 , 0 , 0 , 0 , 0 , 0.6774193548326397 , 
113: 0 , 0.0 , 0.0 , 0.0 , 0.0 , 0.0 , 0 , 0 , 0.6213235294003433 , 0 , 0 , 0 , 0 , 0 , 0 , 0.8314606741501172 , 0.2710743801648412 , 0 , 0 , 0.3076923076835415 , 
114: 0 , 0.0 , 0 , 0.5836734693817992 , 0.6296296296243298 , 0.9252468265129575 , 0 , 
115: 0 , 0.0 , 0.0 , 0.0 , 0.0 , 0.0 , 0 , 0 , 0.6766666666656415 , 0 , 0 , 0.3030303030264769 , 0 , 0 , 
116: 0 , 0.0 , 0.0 , 0.0 , 0.0 , 0 , 0 , 0 , 0 , 0 , 0 , 0 , 0.78677685949763 , 0.7361398665729557 , 0.8224299065407751 , 0.5617391304323403 , 
117: 0 , 0.0 , 0.0 , 0.6969696969534506 , 0.44357976653265 , 0.0 , 0.0 , 0.7825203251992758 , 0 , 0.712041884807434 , 
118: 0 , 0.0 , 0.0 , 0.0 , 0.0 , 0.0 , 0.0 , 0 , 0 , 0 , 0 , 0 , 0 , 0 , 0 , 0 , 0.7870639534855122 , 0.8943089430884348 , 
119: 0 , 0.8948863636278894 , 0.41189931349800235 , 0.8454545454494216 , 0.0 , 0.0 , 0.8686868686813846 , 0.0 , 0.6344827586133968 , 0.7188940092099642 , 0.0 , 0.0 , 0.0 , 0.6521739130293005 , 
120: 0 , 0.0 , 0.0 , 0.0 , 0.0 , 0.0 , 0 , 0 , 0 , 0 , 0 , 0.7930107526862341 , 0.8649367930793547 , 0 , 
121: 0 , 0.0 , 0.0 , 0.0 , 0.0 , 0.0 , 0.5142857142765306 , 0.4829268292604402 , 0.0 , 0.0 , 0.0 , 0.0 , 0.0 , 0 , 0 , 0 , 0 , 
122: 0 , 0.0 , 0.0 , 0.0 , 0.0 , 0 , 0 , 0 , 0 , 0.716976055957178 , 0.4479768786062431 , 0 , 0 , 0 , 0 , 0.8280621046530877 , 0 , 0 , 0 , 0.6554621848693596 , 0 , 0 , 
123: 0 , 0.0 , 0.0 , 0.6975524475504151 , 0.8793103448255094 , 0.6837837837776236 , 0.0 , 
124: 0 , 0.0 , 0.8094098883540295 , 0.0730337078649406 , 0.6817042606487815 , 0.3467525496501698 , 0.0 , 0.0 , 0.6843702579640198 , 
125: 0 , 0.0 , 0.0 , 0.0 , 0.756756756751229 , 0.0 , 0.84615384614923 , 0.7027027026908327 , 0.0 , 0 , 0 , 0 , 0 , 0.6321353065524263 , 0 , 0.6857142857092622 , 
126: 0 , 0.0 , 0.0 , 0.0 , 0.0 , 0.0 , 0.0 , 0.3928571428507653 , 0.0 , 0.0 , 0 , 0.4832793958994518 , 0 , 0 , 0.02258028751985983 , 0.44890268233108205 , 0 , 0 , 0.7567567567503652 , 0 , 0.5151515151292142 , 0 , 0.5162790697657267 , 0 , 0 , 0.09876543209741062 , 
127: 0 , 0.0 , 0.0 , 0.0 , 0.0 , 0.0 , 0.0 , 0 , 0.14285714285621523 , 0 , 0.3962065331914429 , 0.6499602227474148 , 0 , 0 , 0 , 0 , 0 , 0 , 0 , 0 , 0 , 0 , 0.577430972386645 , 0 , 0 , 0 , 0.33488372092828556 , 0.6902807775348152 , 0.5255972696215837 , 0.7936507936457546 , 
128: 0 , 0.5567867035989047 , 0.0 , 0.0 , 0.0 , 0.0 , 0.0 , 0 , 0.21666666666425927 , 0 , 0 , 0 , 0.8158508158460616 , 0.5651214127993737 , 0.6973180076601636 , 0.9483956334735416 , 0.8219082908735018 , 0.18221418708269646 , 
129: 0 , 0.0 , 0.0 , 0.0 , 0.0 , 0 , 0 , 0 , 0 , 0 , 0.7077409162661317 , 0.6986301369823138 , 0 , 0 , 0 , 0.6875965570506647 , 0 , 0 , 0 , 0 , 0.2651933701584201 , 0.639999999992 , 
130: 0 , 0 , 0 , 0 , 0.714285714268121 , 0 , 0 , 0 , 0 , 0 , 0 , 0 , 0 , 0 , 0 , 0 , 0 , 0 , 0 , 0.7955654101960286 , 0 , 0 , 0 , 0 , 0 , 0 , 0 , 
131: 0 , 0.0 , 0.0 , 0.0 , 0.0 , 0 , 0 , 0.6073642920402286 , 0 , 0 , 0 , 0 , 0 , 0 , 0.5275862068783591 , 0.4124999999935547 , 0.08486352357277983 , 0.012029558343337292 , 0.6810683424973674 , 0 , 0 , 0 , 0 , 
132: 0 , 0.0 , 0.0 , 0 , 0 , 0.07352941176410516 , 0 , 0 , 0 , 0 , 0 , 0 , 0 , 0 , 0 , 0 , 0 , 0 , 0 , 0 , 0 , 0 , 0.5769696969627034 , 0.8323262839847723 , 0 , 0.5694444444428304 , 
133: 0 , 0 , 0.0 , 0.0 , 0 , 0 , 0 , 0 , 0.4817444219018079 , 0.772609819101483 , 0.9032634032581396 , 0 , 0 , 
134: 0 , 0.0 , 0.0 , 0 , 0 , 0 , 0 , 0 , 0 , 0.2999999999977273 , 0 , 0 , 0.8915304606196557 , 0.11458333333301923 , 0.6359602788922079 , 0 , 0 , 
135: 0 , 0.0 , 0 , 0 , 0 , 0 , 0 , 0 , 0 , 0.6118421052574076 , 0 , 0 , 0 , 0 , 0 , 0.21597096188551754 , 0 , 
136: 0 , 0.0 , 0.0 , 0.6916996047403491 , 0.6499999999933673 , 0.0 , 0.6164857449593028 , 0.0 , 
137: 0 , 0.7821939586583292 , 0.0 , 0.0 , 0 , 0 , 0 , 0 , 0 , 0 , 0 , 0 , 0 , 0 , 0 , 0 , 0 , 0 , 0 , 0.38888888888397866 , 0.5705494505481966 , 0 , 0 , 0.6338028168996918 , 0.8902346707006425 , 0.03409090909035567 , 0 , 0.41020608439244155 , 0 , 0.3421052631539805 , 
138: 0 , 0.3582089552131878 , 0.0 , 0.0 , 0 , 0 , 0 , 0 , 0 , 0 , 0 , 0 , 0 , 0 , 0.36065573770037 , 0 , 0.5939741750350158 , 0.06806722689056564 , 0 , 0 , 0 , 0.3503368623642894 , 0 , 0 , 
139: 0 , 0.0 , 0.0 , 0 , 0 , 0 , 0 , 0 , 0 , 0 , 0.8470588235276323 , 0 , 0 , 0 , 0 , 0 , 0 , 0 , 0.7561728395028388 , 0.8992710404181626 , 0 , 0 , 0 , 0.734693877513536 , 
140: 0 , 0.0 , 0.0 , 0.0 , 0.0 , 0.023738872403326026 , 0.9154929577396925 , 0.1691729323292371 , 0.2728171334422642 , 0.0 , 0.6749999999879465 , 0.6837606837509436 , 0.0 , 0.0 , 0.0 , 
141: 0 , 0.0 , 0.06315789473462603 , 0.0 , 0.0 , 0 , 0.9487179487063648 , 0 , 0 , 0 , 0 , 0 , 0 , 0 , 
142: 0 , 0.7882978723320394 , 0.0 , 0.0 , 0 , 0 , 0 , 0.2857142857112845 , 0 , 0.7670338637275255 , 0 , 0 , 0 , 0 , 0 , 0 , 
143: 0 , 0.0 , 0.0 , 0.0 , 0.0 , 0.0 , 0.0 , 0.0 , 0.0 , 0.0 , 0.0 , 0.0 , 0 , 0.881720430100755 , 0 , 0 , 0 , 
144: 0 , 0.0 , 0.0 , 0.0 , 0.6049999999899166 , 0.0 , 0.6891089108842663 , 0.8259281801557337 , 0.0 , 0 , 0 , 
145: 0 , 0.0 , 0.0 , 0.0 , 0.0 , 0.0 , 0.0 , 0.0 , 0.0 , 0.3798882681528875 , 0.0 , 0.0 , 
146: 0 , 0.0 , 0.0 , 0.4933035714175602 , 0.0 , 0.0 , 0.0 , 0 , 0 , 0 , 0 , 0 , 0 , 0 , 0 , 0 , 0 , 0 , 0 , 0 , 0 , 0 , 
147: 0 , 0.0 , 0.0 , 0.0 , 0.27492447129494074 , 0.0 , 0.6719999999980089 , 0 , 0 , 0 , 0 , 0.5860805860770081 , 0.8653846153809976 , 0.06924643584518672 , 0.07471264367708746 , 0 , 0.4687499999913833 , 0.42537313432200935 , 0.6838988840795175 , 0.3687374749486682 , 
148: 0 , 0.0 , 0.0 , 0.0 , 0.0 , 0.0 , 0.0 , 0.567219152844066 , 0.0 , 0.06993006992925489 , 0.0 , 0.0 , 0.17320650019749026 , 0 , 0.13902828467137426 , 0.04656033510545101 , 0.14285714285563114 , 0.29850746268433953 , 0 , 0.3377110694120504 , 
149: 0 , 0.0 , 0.0 , 0 , 0 , 0 , 0 , 0 , 0 , 0 , 0 , 0.6582278480953144 , 0.541935483863975 , 0.0623059407989903 , 0 , 0 , 0 , 
150: 0 , 0.0 , 0.0 , 0.0 , 0 , 0 , 0 , 0 , 0 , 0 , 0 , 0 , 0 , 0 , 0.3245341614856439 , 0.717073170727335 , 0.3975903614377994 , 0.5185185185114057 , 0 , 0 , 
151: 0 , 0.0 , 0.0 , 0.0 , 0.0 , 0.0 , 0.36815920397781 , 0.0 , 0.0 , 0.0 , 0.0 , 0.0 , 0.0 , 0.0 , 0.0 , 0.0 , 0.0 , 0.0 , 0 , 0 , 0 , 0 , 0 , 0 , 0.49079754600474235 , 0 , 
152: 0 , 0.0 , 0.0 , 0.0 , 0 , 0 , 0 , 0 , 0 , 0 , 0 , 0.2721417069199333 , 0 , 0.8623188405692956 , 0 , 0.8322717622036504 , 0 , 0 , 
153: 0 , 0.0 , 0.37218045112082365 , 0.8891509433927314 , 0.0 , 0.41281138789545896 , 0.0 , 0.0 , 0.0 , 0.5147058823466335 , 0.0 , 0.0 , 0.0 , 0.720346320343202 , 0.2517006802710387 , 0.0 , 0.21354679802903068 , 0.12158054711123019 , 0.3503649634908626 , 0.8450704225153739 , 
154: 0 , 0.0 , 0.0 , 0.0 , 0.0 , 0.0 , 0.0 , 0 , 0 , 0 , 0 , 0 , 0 , 0 , 0 , 0.722610722605108 , 0 , 0 , 0.29617777777725124 , 0 , 
155: 0 , 0.304147465435452 , 0.6679920477103977 , 0.0 , 0.6193640246766998 , 
156: 0 , 0.17214996174313582 , 0.435521235519554 , 0.0 , 0.049475262368691965 , 0.8053691275142046 , 0 , 0 , 0 , 0 , 0 , 0 , 0 , 0 , 0 , 0 , 0.6116236162305201 , 0 , 0 , 0 , 0 , 0.7883085437537589 , 0 , 0 , 0.4219066937034096 , 
157: 0 , 0.0 , 0 , 0 , 0 , 0 , 0 , 0 , 0 , 0 , 0 , 0 , 0.055042264595920896 , 0 , 0 , 0 , 0 , 0 , 0.7725752508102818 , 0.8531855955619586 , 0 , 0.7763074984198091 , 0 , 0.7677889621645821 , 0 , 0 , 0 , 0 , 0 , 0.01374007065206516 , 0 , 0.08296296296265569 , 0.6145484949815648 , 0 , 
158: 0 , 0.0 , 0.0 , 0.7947855340555527 , 0.0 , 
159: 0 , 0.0 , 0.0 , 0.0 , 0.0 , 0.0 , 0.0 , 0.6658395368017714 , 0.0 , 0.8658892128258846 , 0 , 0 , 0 , 0 , 0 , 0 , 0.8408937034500986 , 0.40404040403360203 , 
160: 0 , 0.0 , 0.0 , 0.906249999983341 , 0.0 , 0.0 , 0.0 , 0.5853611057031484 , 0.0 , 0.0 , 0 , 0 , 0.21502412129541115 , 0 , 0 , 0 , 0 , 0 , 0 , 0.7185172354055789 , 
161: 0 , 0.0 , 0.9864864864852046 , 
162: 0 , 0.0 , 0.0 , 0.0 , 0.0 , 0.0 , 0.0 , 0.0 , 0.0 , 0.0 , 0.0 , 0.0 , 0.0 , 
163: 0 , 0.0 , 0.0 , 0.19774011299062635 , 0.0 , 0 , 0 , 0 , 0 , 0 , 0.9004408523111667 , 0.8104575163332479 , 0.8220130932863257 , 0 , 
164: 0 , 0.32352941175875866 , 0.1414052143169655 , 0.046629574959303845 , 0.04521829521821688 , 0.2976982097184525 , 0.09339622641480064 , 0.6032064128236366 , 0.7461669505946632 , 0.7729941291559915 , 0.0 , 0.0 , 
165: 0 , 0.7192851824220455 , 0.0 , 0.0 , 0.5811764705745606 , 0.35185185184901896 , 
166: 0 , 0 , 0 , 0.0 , 0 , 0 , 0 , 0 , 0 , 0.4509283819588778 , 0.9038670039721581 , 0.1894736842091967 , 0 , 0 , 0 , 0 , 0 , 0 , 0 , 0.5927051671721263 , 0.9384309831150665 , 0 , 
167: 0 , 0.42797202796604233 , 0.0 , 0.0 , 0.0 , 0.0 , 0.0 , 0.0 , 0.0 , 0.0 , 0.0 , 0.0 , 0.0 , 0.2614942528698061 , 0.6600071352099179 , 0.7663865546205607 , 0.5145046524342789 , 0.056804930867804755 , 0.5454545454421488 , 0.4837031900133105 , 0.0 , 0 , 0 , 
168: 0 , 0.0 , 0.0 , 0.0 , 0.0 , 0.0 , 0 , 0 , 0 , 0 , 0 , 0 , 0 , 0 , 0.45238095237197656 , 0 , 0 , 0.032594159797203134 , 0.6137636703112647 , 0 , 0 , 0 , 0 , 0 , 0 , 
169: 0 , 0.014621409921594667 , 0.0 , 0.0 , 0.1289682539678275 , 0.0 , 0.0 , 0.80473372780827 , 0.5083923908979702 , 0.0 , 0.6039009752392807 , 0.6871232876693504 , 
170: 0 , 0.0 , 0.0 , 0 , 0 , 0 , 0 , 0.5507070707048457 , 0.23059866962135553 , 0.6598114824307635 , 0 , 0.5923869944479105 , 0.4598096245360661 , 0 , 0 , 0 , 
171: 0 , 0.0 , 0.0 , 0.4260089686003137 , 0.0 , 0.0 , 0 , 0 , 0 , 0 , 0 , 0 , 0.3492063492030887 , 0.829268292677148 , 0.5975948196059427 , 0 , 0 , 0 , 0 , 0 , 0.7380952380903566 , 0 , 
172: 0 , 0.0 , 0.0 , 0.9159271368476604 , 0.9512820512798339 , 0.0 , 0.3343823760791945 , 0.0 , 0.24705882352759517 , 
173: 0 , 0.0 , 0.0 , 0.0 , 0.0 , 0 , 0.6571087216169998 , 0 , 0.9054505005511377 , 0.7727272727251046 , 0.4967602591685365 , 0 , 0 , 
174: 0 , 0.0 , 0.0 , 0.0 , 0.5013774104614135 , 0.0 , 0 , 0 , 0 , 
175: 0 , 0.0 , 0.0 , 0 , 0.5529953916965745 , 0 , 0 , 0 , 0 , 0 , 0.3701298701238615 , 0.8989473684183491 , 0 , 0 , 0 , 0 , 0 , 0 , 0.5594501718193834 , 
176: 0 , 0.0 , 0.0 , 0.0 , 0 , 0 , 0 , 0 , 0.12280701754206422 , 0.6581196581140333 , 
177: 0 , 0.0 , 0.0 , 0.0 , 0.6573734409366935 , 0.0 , 0.0 , 0 , 0 , 0 , 0 , 0 , 0 , 0 , 0 , 0 , 0 , 0 , 0 , 0 , 0.4418985269976776 , 0 , 0.7716450216408461 , 0 , 0 , 0 , 0 , 0 , 0 , 0 , 0 , 0 , 0 , 0 , 0 , 0 , 0 , 0 , 0 , 
178: 0 , 0.0 , 0.0 , 0.4013840830426679 , 0.0 , 0.2069892473109006 , 0.1368136813669054 , 0.0 , 0 , 0.3282318463030667 , 0.7177751413215445 , 0 , 0 , 0.6395520188604787 , 0.5539983511908162 , 
179: 0 , 0.0 , 0.0 , 0 , 0 , 0 , 0.4530386740289776 , 0 , 0 , 0.2612994350264033 , 0 , 0 , 0 , 0 , 0 , 0 , 0.16153846153721896 , 0 , 0.7455696202508052 , 0 , 
180: 0 , 0.0 , 0.0 , 0.0 , 0.009982438302982413 , 0.7719173200257594 , 0.7724795640274355 , 0.4499999999875 , 0.7857142856831065 , 
181: 0 , 0.425531914890495 , 0.7178464606109886 , 0.0 , 0.0 , 0.0 , 0.0 , 0 , 0 , 0 , 0.808936825873514 , 0 , 
182: 0 , 0.0 , 0.0 , 0.0 , 0.0 , 0.0 , 0.0 , 0.0 , 0 , 0 , 0 , 0 , 0 , 0 , 0 , 0 , 0 , 0.3456790123409372 , 0.4193548387032357 , 0.8552176917731333 , 0.5440528634241398 , 0 , 0 , 
183: 0 , 0.0 , 0 , 0.6683937823776478 , 0 , 0.8269230769098249 , 0 , 0 , 0 , 0 , 0 , 0 , 0.043227665705429 , 0 , 0.4108649789007866 , 0.7042766150982324 , 0 , 0 , 0 , 0.18944519620853253 , 
184: 0 , 0.0 , 0.0 , 0 , 0 , 0 , 0 , 0 , 0 , 0 , 0 , 0 , 0 , 0 , 0 , 0 , 0 , 0 , 0 , 0 , 0 , 0 , 0.960474308296599 , 0 , 0.571428571422656 , 0 , 0.9107142857110332 , 0 , 0 , 0 , 
185: 0 , 0.0 , 0.0 , 0.6305385139735595 , 0.0 , 0.0 , 0.0 , 0.0 , 0.0 , 0.0 , 0.051181102361197224 , 0.0 , 0.0 , 
186: 0 , 0.0 , 0.0 , 0.0 , 0.4385633270310998 , 0.45324881140866385 , 0.0 , 0.0 , 0.5410404624246183 , 0.0 , 0.0 , 0.0 , 0.28436466698090607 , 0.3174504950475405 , 0.0 , 0.0 , 0.7793493635022677 , 0.48233215546851005 , 0.5210355987012861 , 
187: 0 , 0.3791666666614005 , 0.0 , 0.0 , 0.0 , 0.0 , 0.0 , 0 , 0 , 0 , 0 , 0 , 0 , 0 , 0 , 0 , 0 , 0 , 0.18892128279773224 , 0.4862861378763063 , 0 , 0 , 0 , 0 , 0 , 0 , 0 , 0 , 0.6566332218487831 , 0 , 0.7777777777705762 , 0.7380830343375804 , 0 , 0.7501557632387069 , 
188: 0 , 0.0 , 0.0 , 0.0 , 0.0 , 0 , 0 , 0 , 0 , 0 , 0 , 0 , 0.4727954971827843 , 0.5506993006960915 , 0.9999999999926902 , 0.6941475826936685 , 0.937499999997183 , 0 , 0 , 0 , 
189: 0 , 0.7175155279485279 , 0.0 , 0.8927038626590286 , 
190: 0 , 0.604999999984875 , 0.43617920540905286 , 0.31693989070942036 , 0.0 , 0.7777777777753773 , 0.0 , 0.0 , 0 , 0 , 0 , 0 , 0 , 0 , 0 , 0 , 0 , 0 , 0 , 0 , 0 , 0 , 0 , 0 , 0 , 0 , 0.8645124716528784 , 
191: 0 , 0.0 , 0.0 , 0.0 , 0.0 , 0.0 , 0.0 , 0.0 , 0 , 0 , 0 , 0 , 0 , 0 , 0 , 0.9198347107361998 , 0.8316831683144098 , 0 , 0.3066418373671426 , 0.3146614710164897 , 0 , 0.8467966573737531 , 
192: 0 , 0.0 , 0.0 , 0.0 , 0.0 , 0.0 , 0.0 , 0.0 , 0.0 , 0 , 0 , 0 , 0 , 0 , 
193: 0 , 0.8925513698620584 , 0.8209488734826462 , 0.9368286444988828 , 0.8196721311465074 , 
194: 0 , 0.0 , 0.00946372239744317 , 0.0 , 0.0 , 0.3581828771091545 , 0.5200267022662215 , 0.37722908092761004 , 0.0 , 0.0 , 0 , 0 , 0.9778676553185283 , 0 , 0 , 0 , 0.41666666666046626 , 
195: 0 , 0.0 , 0.796182050983124 , 0.0 , 0.694736842094816 , 0.0 , 0.7481962481944489 , 0.8038331454295162 , 
196: 0 , 0.0 , 0.0 , 0.0 , 0 , 0 , 0 , 0 , 0 , 0 , 0 , 0 , 0 , 0 , 0 , 0 , 0.2916666666556187 , 0 , 0 , 0.37745098038598934 , 0 , 0.94057601166263 , 0 , 0 , 0 , 0 , 0 , 0.48461538460606507 , 0 , 
197: 0 , 0.0 , 0 , 0 , 0 , 0 , 0 , 0 , 0 , 0 , 0 , 0 , 0 , 0.893674698792489 , 0.1491228070142736 , 0.3668122270662268 , 0 , 
198: 0 , 0.0 , 0.033898305084615186 , 0.0 , 0.6444789443030381 , 0.0 , 0.5889375248695007 , 0.5434116445347774 , 0 , 0 , 0 , 0.34783950617230275 , 
199: 0 , 0.0 , 0.0 , 0 , 0 , 0 , 0 , 0 , 
200: 0 , 0 , 0 , 0 , 0 , 0 , 0 , 0.22184873949206976 , 0 , 0.5063731170277361 , 0 , 0 , 0 , 0 , 0 , 0 , 0 , 0.8775319414120364 , 0.8690523525502067 , 0 , 
201: 0 , 0.0 , 0.0 , 0.0 , 0.0 , 0.0 , 0.0 , 0.0 , 0.0 , 0.0 , 0.14285714285306123 , 0 , 0 , 0 , 0 , 0.4069823051152225 , 0.18095238095094485 , 0.46007604561862975 , 0.22867513611546075 , 0.8696850393666549 , 0.09934640522832529 , 0.8627450980354565 , 0 , 
202: 0 , 0 , 0 , 0 , 0 , 0 , 0.5013564839932169 , 0.6129778127610503 , 0 , 0.16396979503731401 , 0.820781696852582 , 0 , 0 , 0 , 0 , 0 , 0 , 0 , 0 , 0.3492063491971109 , 0 , 0 , 0 , 0 , 0 , 0.4822335025375147 , 0 , 0 , 0 , 
203: 0 , 0.0 , 0.0 , 0.0 , 0.450980392151336 , 0.0 , 0.15975422426789931 , 0.5624999999893466 , 0.0 , 0.5333333333231746 , 0.0 , 0.7686170212663748 , 0.4968866749673198 , 0.2450110864717848 , 0.0 , 0.0 , 0.22349936142968232 , 0.0 , 0.0 , 0.0 , 0.0 , 0.572453767594335 , 
204: 0 , 0.0 , 0.0 , 0.0 , 0.2648732622100622 , 0.32277397260181856 , 
205: 0 , 0.5245901639272597 , 0.6070381231493537 , 0.0 , 0.0 , 0.0 , 0.7122302158216449 , 0.6018371872024053 , 0.0 , 0.20053475935560783 , 0.0 , 0.0 , 
206: 0 , 0.0 , 0.0 , 0.0 , 0.4474576271148521 , 0.0 , 0 , 0 , 0 , 0 , 0 , 0 , 0 , 0 , 0 , 0 , 0.28333333333144445 , 0 , 0.5404503753082531 , 0.1268292682919955 , 0.4552845528430608 , 0 , 0 , 0 , 0 , 0 , 0.7178103315315428 , 0 , 0 , 0 , 
207: 0 , 0.0 , 0.0 , 0.0 , 0.0 , 0.0 , 0.0 , 0.7368421052545399 , 0.0 , 0.0 , 0.22503008423531884 , 0.5073292442039155 , 0.4495845497412423 , 0.3349753694526277 , 0.5792750415048565 , 0.821290063745009 , 0.0 , 0.0 , 0 , 0.4830917874318343 , 0.826319816367052 , 0 , 
208: 0 , 0.4865619546239327 , 0.7931034482699169 , 0.7459893048095099 , 0.8476190476180631 , 0.07957285566649702 , 0.0 , 0.8875432525798003 , 
209: 0 , 0.0 , 0.0 , 0.0 , 0 , 0 , 0 , 0 , 0 , 0 , 0 , 0.7601809954665137 , 0 , 0 , 0.01814516128995675 , 0 , 0 , 0 , 0.8846387370923824 , 0 , 
210: 0 , 0.0 , 0.0 , 0.0 , 0.0 , 0.0 , 0 , 0 , 0 , 0 , 0 , 0 , 0 , 0 , 0 , 0 , 0 , 0.5293159609077418 , 0.7860199714581166 , 0 , 0.6844919786065754 , 0 , 0.7374999999982929 , 
211: 0 , 0.0 , 0.0 , 0.0 , 0.0 , 0.0 , 0.06969990319390416 , 0.0 , 0.0 , 0.0 , 0 , 0 , 0 , 0.3995433789908728 , 0.6641025640968881 , 0.8238394830797078 , 0 , 0.2737940026071653 , 0 , 0 , 0 , 
212: 0 , 0.0 , 0.0 , 0.731707317061273 , 0.5025773195811524 , 0.0 , 0.0 , 0.0 , 0 , 0 , 0 , 0 , 0 , 0 , 0 , 
213: 0 , 0.0 , 0.0 , 0.3971486761683833 , 0.0 , 0.0 , 0.0 , 0.7712765957401225 , 0.0 , 0.0 , 0.0 , 0.0 , 
214: 0 , 0.3085714285689096 , 0.1360220679158705 , 0.2233467108703135 , 0.062499999999699525 , 0.0 , 0.0 , 0.0 , 0.3656249999971436 , 0.38714733542286034 , 0.0 , 0.19689856857003352 , 0.037190082644436004 , 0.5046153846140907 , 0.4530154277636323 , 0.0 , 
215: 0 , 0.0 , 0.0 , 0.0 , 0.0 , 0.0 , 0.0 , 0 , 0 , 0 , 0 , 0 , 0.6212634822799528 , 0 , 0 , 0 , 0 , 0 , 0.38775510203422187 , 0 , 0 , 
216: 0 , 0.0 , 0.0 , 0 , 0 , 0 , 0.11014948859079349 , 0.36726128016692744 , 0 , 0 , 0 , 0 , 0 , 0 , 0 , 0 , 0 , 0 , 0 , 0 , 0.8583106267022177 , 0.9377067254659931 , 
217: 0 , 0.0 , 0 , 0 , 0 , 0 , 0 , 0 , 0 , 0 , 0 , 0 , 0 , 0 , 0 , 0 , 0 , 0 , 0 , 0 , 0 , 0 , 0 , 0 , 0.5497076023381767 , 0.815934065922858 , 0 , 0 , 0 , 0 , 0 , 0 , 0 , 0.0914634146338365 , 0.5518367346893728 , 0.6989748368993572 , 0 , 
218: 0 , 0.0 , 0.0 , 0.0 , 0.0 , 0.0006284091194729838 , 0.0 , 0.0 , 0.8328424153105093 , 0.5033112582698127 , 0.0 , 0 , 0 , 0 , 0.6378132118378381 , 0 , 0 , 
219: 0 , 0.04549509366596347 , 0.20648304290761385 , 0.0 , 0.11402714932023506 , 0.07470795979333142 , 0.04402323448473243 , 0.49949443882457284 , 
220: 0 , 0.6868044514994148 , 0.0 , 0.0 , 0.4025974025956598 , 0.0 , 0.0 , 0.0 , 0.0 , 0.9083665338600181 , 0.8705357142842196 , 0.0 , 0.5800524934230957 , 
221: 0 , 0.0 , 0.0 , 0.670391061443151 , 0.0 , 0.0 , 0.0 , 0 , 0 , 0 , 0 , 0 , 0 , 0 , 0 , 0 , 0 , 0 , 0 , 
222: 0 , 0.0 , 0.0 , 0.0 , 0.0 , 0.0 , 0 , 0.16100178890732558 , 0.34406215316187916 , 0.770456191160243 , 0.14522821576728037 , 
223: 0 , 0.0 , 0.0 , 0.0 , 0.0 , 0.0 , 
224: 0 , 0.0 , 0.0 , 0.0 , 0 , 0 , 0 , 0 , 0 , 0.5514705882285359 , 0.9535320977680539 , 0.48470476642047733 , 0 , 0 , 0 , 0 , 0 , 0 , 
225: 0 , 0.0 , 0.0 , 0.0 , 0.0 , 0.0 , 0.0 , 0.47603305784927263 , 0.7355324074052791 , 0.12075471698075235 , 0.30545454544899175 , 0.6409335727090337 , 
226: 0 , 0.0 , 0.0 , 0.12060301507335673 , 0.4329089128263182 , 0.5248990578664213 , 0.0 , 0.0 , 0.0 , 0 , 0 , 0 , 0 , 0.7450980392065552 , 
227: 0 , 0.0 , 0.0 , 0.0 , 0 , 0 , 0 , 0.1956521739126265 , 
228: 0 , 0.43918918918177047 , 0.917686318128705 , 0.6567567567508401 , 0.8588612670374545 , 0.0 , 0.0 , 0.0 , 
229: 0 , 0.0 , 0.0 , 0.0 , 0.0 , 0.0 , 0.0 , 0.0 , 0.0 , 0.0 , 0.0 , 0.0 , 0 , 0 , 0.5706340378134523 , 0 , 
230: 0 , 0 , 0.4115308151011624 , 0 , 0 , 0 , 0 , 0 , 0.7399463806904384 , 0.7094594594534674 , 0 , 0.6788321167875219 , 0.501519756823662 , 0 , 0 , 0 , 
231: 0 , 0.0 , 0.0 , 0.0 , 0.0 , 0.0 , 0.0 , 0 , 0 , 0.4004106776139588 , 0 , 0.13532763532739436 , 0.6997084548092957 , 0 , 0.3334509527167136 , 0.8254486133759374 , 0.5891089108897635 , 0.641806722687952 , 0.40466926069645265 , 0.560791705932509 , 0.5773584905551442 , 0 , 0 , 0 , 0 , 0 , 0 , 0 , 0 , 0 , 0 , 0 , 
232: 0 , 0.0 , 0.0 , 0.6095406360316336 , 0.0 , 0.0 , 0.6591928251061956 , 0.0 , 0.0 , 0 , 
233: 0 , 0.9622641509351436 , 0.11999999999942858 , 0.0 , 0.6476190476134406 , 0.9283268101738544 , 0.8363636363616869 , 0.0 , 0.0 , 0.0 , 0.0 , 0.11548913043425957 , 0.22095959595866602 , 0.6101326375292344 , 0.0 , 
234: 0 , 0.43859649122215116 , 0.6415711947521837 , 0.0 , 0.24066390041327343 , 0.0 , 0.0 , 0.7932692307596962 , 0.11062906724391942 , 0.3740458015195793 , 0 , 0.755555555545679 , 0 , 0 , 0.12140575079678266 , 0.2867647058788387 , 0 , 0.4827586206834897 , 0 , 0.514285714281516 , 0.8457142857062314 , 0 , 0.43269230768537353 , 
235: 0 , 0.47678916827391893 , 0.899736147745386 , 0.0 , 0.0 , 0.0 , 0.45545545545317595 , 0.0 , 0.0 , 0.8904862579243532 , 
236: 0 , 0.0 , 0.4759106932992015 , 0.03299856527971127 , 0.5955044432821792 , 0.41304347825837534 , 0.9554655870422589 , 
237: 0 , 0.0 , 0.0 , 0.0 , 0.6153091265886623 , 0.0 , 0.0 , 0.0 , 0.0 , 0 , 0 , 0.12113055181532799 , 0 , 0 , 0 , 0 , 0.4139610389543188 , 0.7754353803814141 , 0.8160603980726421 , 0 , 0 , 0.7884519661483901 , 0.8039161610568011 , 0 , 0.10335917312616986 , 
238: 0 , 0.0 , 0.051779935275025044 , 
239: 0 , 0.0 , 0.0 , 0.0 , 0.0 , 0.3416965352408399 , 0.0 , 0.0 , 0.611682866399556 , 0.0 , 0.0 , 0 , 0.2983539094619511 , 0.8780487804804202 , 0 , 
240: 0 , 0.0 , 0.9561633570589878 , 0.0 , 0.0 , 0.0 , 0.2684605757179696 , 0.35533553354944625 , 0.0 , 0.0 , 0.2213903743303669 , 0.9221140472846937 , 0.0 , 0 , 0 , 0 , 0 , 0 , 0.8729582577053271 , 0 , 0 , 0 , 0 , 0 , 0.9103641456540132 , 0.06227949071941639 , 
241: 0 , 0.0 , 0.0 , 0.0 , 0.0 , 0.7041533546280885 , 0.9153515064496748 , 0.0 , 0 , 0 , 0 , 
242: 0 , 0.0 , 0.6727158948664809 , 0.0 , 0.0 , 0.0 , 0.0 , 0.639999999995871 , 0.0 , 0.0 , 0.5850144092134724 , 0.8286558345601741 , 0.7758587967341509 , 0.83590875643702 , 0.679999999996762 , 0.0 , 0.5234604105546263 , 0.0 , 
243: 0 , 0.0 , 0.103603603602048 , 0.0 , 0.0 , 0.0 , 0.0 , 0.0 , 0.0 , 0.44695259592670533 , 0.7857142857103884 , 0.0 , 0.0 , 0.0 , 0.0 , 0.8997747747697086 , 
244: 0 , 0.0 , 0.0 , 0.0 , 0.0 , 0.0 , 0.0 , 0.353571428569324 , 0.47348484848260664 , 0.3993193420283646 , 0.19053549190416855 , 0.5020920502084547 , 0.42046718575728065 , 
245: 0 , 0.0 , 0.0 , 0.0 , 0.0 , 0.0 , 0.0 , 0.0 , 0.0 , 0.0 , 0.0 , 0 , 0 , 0 , 0 , 0.9224552626497547 , 0.7354376830434903 , 0 , 0 , 0 , 0 , 0 , 
246: 0 , 0.0 , 0.0 , 0.0 , 0.0 , 0.0 , 0.0 , 0.0 , 0.0 , 0.34626038780204266 , 0.0 , 0.0 , 0.1678571428568431 , 0 , 0 , 0 , 0 , 0 , 0.7422718015742904 , 
247: 0 , 0.0 , 0.0 , 0.0 , 0.0 , 0.0 , 0.0 , 0.0 , 0.0 , 0.020576131686960545 , 0.030599755201771116 , 0 , 0 , 0 , 0 , 0 , 0.002552415679122559 , 0 , 0 , 0 , 0 , 0 , 0 , 0 , 0 , 0 , 0 , 0 , 0 , 0 , 0 , 0 , 0 , 0 , 0.1548387096764204 , 0 , 0.316649642491261 , 0 , 
248: 0 , 0.0 , 0.47103274558007474 , 0.0 , 0.0 , 0 , 0 , 0.19782608695508824 , 0.5280764635540254 , 0.8275862068917955 , 0.9366244162743942 , 0 , 0 , 0 , 0 , 0 , 0.8247354497299952 , 0 , 0.8816046966688768 , 0.3890160183036689 , 0.7279289283711051 , 0.8731682667992088 , 0 , 
249: 0 , 0.8774066797607961 , 0.0 , 0.0 , 0.0 , 0.0 , 0.0 , 0.0 , 0.2628285356662975 , 
250: 0 , 0.0 , 0 , 0 , 0 , 0 , 0.42145593869193543 , 0.5454545454432758 , 0 , 0.6315261044113301 , 0 , 0 , 0 , 0 , 0.17028522775612967 , 0.6259541984653186 , 0 , 0 , 0 , 0 , 0.7913043478217864 , 0 , 0.6203143893516286 , 0 , 0 , 0 , 0 , 0 , 0 , 0 , 0 , 0 , 0.6470588235167243 , 
251: 0 , 0.0 , 0.0 , 0.0 , 0.0 , 0.0 , 0.0 , 0.0 , 0.0 , 0.0 , 0.9459459459390362 , 0 , 0.5683244809266963 , 0 , 
252: 0 , 0.0 , 0.0 , 0.0 , 0.0 , 0.0 , 0.0 , 0 , 0 , 0.4172327898546 , 0.7910447761172563 , 0.5999999999833333 , 0.7585490270153815 , 0 , 0 , 0.5892857142769451 , 0.7272036474108876 , 0 , 0 , 0 , 
253: 0 , 0.0 , 0.0 , 0.0 , 0.34567901234543086 , 0.7988826815530882 , 
254: 0 , 0.0 , 0.6052060737461474 , 0.0 , 0.0 , 0.4431418522808541 , 0.0 , 0.0 , 0.0 , 0.0 , 0.0 , 0.0 , 0.0 , 0 , 0 , 0 , 0.7818181818167314 , 0 , 0 , 0 , 0 , 0 , 0 , 0 , 0 , 0 , 0 , 0 , 0 , 0 , 0 , 0 , 0 , 0.6470588235251826 , 
255: 0 , 0.0 , 0.0 , 0.0 , 0.0 , 0.0 , 0.7379862700186615 , 0.0 , 0.28631358154018716 , 0.0 , 0 , 0.6743295019070967 , 0 , 0 , 0.6606217616494738 , 
256: 0 , 0.0 , 0.0 , 0.0 , 0 , 0 , 0 , 0 , 0 , 0 , 0 , 0 , 0 , 0 , 0 , 0 , 0 , 0 , 0 , 0 , 0.7521367521296094 , 0.8217522658527517 , 0 , 
257: 0 , 0.0 , 0.0 , 0.0 , 0 , 0 , 0.36251402917662723 , 0 , 0 , 
258: 0 , 0.0 , 0.0 , 0.0 , 0.51315789473009 , 0.0 , 0.0 , 0.6122448979466889 , 0.0 , 0.0 , 0.0 , 0 , 0 , 0 , 0 , 0 , 0 , 0 , 0 , 0 , 0 , 0 , 0 , 0.6508728179497019 , 0 , 0 , 0.7992202729018869 , 
259: 0 , 0.0 , 0.8126801152679203 , 0.0 , 0.0 , 0.0 , 0.299319727886066 , 0.0 , 0.0 , 0.7192380952367253 , 0.7972027972004744 , 0.0 , 0 , 0.7220873786400464 , 
260: 0 , 0.0 , 0.0 , 0.0 , 0.0 , 0.0 , 0.0 , 0.9243918474626931 , 0 , 
261: 0 , 0.0 , 0.46673651125999616 , 0.8023880596990973 , 
262: 0 , 0.0 , 0.0 , 0.41353383457869297 , 0.0 , 0.0 , 0.5818901533865319 , 0.8470588235283045 , 
263: 0 , 0.0 , 0.0 , 0.0 , 0.502066115692106 , 0.777075812267355 , 0.0 , 0.8920187793287634 , 0.0 , 0.0 , 0.0 , 0.0 , 0.2476780185749994 , 0.0 , 0 , 0 , 0.04553442622949626 , 0 , 0.7759036144391348 , 0 , 0 , 0 , 0 , 
264: 0 , 0.5042016806669727 , 0.0 , 0.0 , 0.0 , 0.0 , 0.0 , 0.0 , 0.0 , 0.0 , 0.0 , 0.0 , 0.6176470588156311 , 0.5427631578902734 , 0.683333333328588 , 0.763660744214671 , 0.7473098330213458 , 
265: 0 , 0.0 , 0.0 , 0.0 , 0.0 , 0.0 , 0.0 , 0.2840909090891156 , 0.0 , 0.0 , 0.4533333333257778 , 0.5376623376576827 , 0.808823529410413 , 
266: 0 , 0.0 , 0.0 , 0.0 , 0.0 , 0.0 , 0.0 , 0.0 , 0.0 , 0.0 , 0 , 0 , 0 , 0 , 0 , 0 , 0 , 0.4207589285667326 , 0 , 0 , 0.9999999999977837 , 0 , 
267: 0 , 0.4922048997663206 , 0.0 , 0.0 , 0.0 , 0.0 , 0.0 , 0.0 , 0.41554959785151435 , 0.0 , 0.0 , 0.29220779220146736 , 0.0 , 0.0 , 0.0 , 0.3422459892987122 , 0.0 , 0.6098484848407847 , 0 , 0 , 0.12574850299365342 , 0.8749999999898727 , 0 , 0.8034118602696718 , 
268: 0 , 0.0 , 0.0 , 0.3298350824571223 , 0.0 , 0.0 , 0.0 , 0 , 0.5928853754893844 , 0.6267281105970154 , 0 , 0 , 0 , 0 , 0 , 0 , 0 , 0 , 0 , 0 , 0.8151382823858724 , 0.791666666651673 , 0 , 
269: 0 , 0.0 , 0.46042471042426597 , 
270: 0 , 0.0 , 0.0 , 0.0 , 0.0 , 0.0 , 0 , 0 , 0 , 0 , 0 , 0 , 0 , 0 , 0 , 0 , 0 , 0 , 0 , 0 , 0 , 0 , 0 , 0 , 0.5974025973939768 , 0 , 0 , 0 , 0 , 0.8705730843509969 , 0 , 0 , 0 , 0 , 0 , 0 , 0.9121621621570262 , 0 , 0.6134499726609802 , 0 , 
271: 0 , 0.0 , 0.6983901515118448 , 0.6236413043393527 , 0.0 , 0.6692274861260383 , 0.9064558629716308 , 0.0 , 0.0 , 0.0 , 0.6472781506314419 , 0.2574257425726645 , 
272: 0 , 0.0 , 0.0 , 0.0 , 0.0 , 0.0 , 0.1174551386604004 , 0.0 , 0.0 , 0.0 , 0.0 , 0.0 , 0.0 , 0.0 , 0.0 , 
273: 0 , 0.0 , 0.0 , 0.0 , 0.0 , 0.0 , 0.0 , 0.0 , 0.0 , 0.49583333332644675 , 0.0 , 0.0 , 0.0 , 0 , 0 , 0 , 0 , 0 , 0 , 0 , 0 , 0 , 0.668608885650234 , 0 , 0 , 0 , 0 , 0 , 0 , 0 , 
274: 0 , 0.0 , 0.0 , 0.0 , 0.0 , 0.0 , 0.0 , 0.0 , 0.0 , 0 , 0.21518987341635956 , 0.2937736498104646 , 
275: 0 , 0.0 , 0.0 , 0.9727415441687274 , 0.8728021542834266 , 0.0 , 0.0 , 
276: 0 , 0.0 , 0.0 , 0.0 , 0.4673539518739741 , 0.0 , 
277: 0 , 0.0 , 0.0 , 0.016939830601684667 , 0.1889168765740694 , 0.34442270058371405 , 0.8533252963624137 , 0.5599999999985549 , 0.3583333333320891 , 0.492257217847123 , 0.6133227326931606 , 0.8497126947450685 , 0.0 , 0.3142857142807256 , 0.0 , 0.719298245604328 , 0.7794970986430194 , 0 , 0 , 
278: 0 , 0.0 , 0.680107526863438 , 0.0 , 0.0 , 0.0 , 0.0 , 0.0 , 0.0 , 0 , 0 , 0.21690590111469774 , 0 , 0.483030781372052 , 0.8622512437784134 , 0 , 0 , 0 , 0 , 0 , 0 , 0 , 0 , 0 , 0.06951871657707541 , 0.6843501326234015 , 0.8721668177657653 , 0.6428571428387755 , 0 , 
279: 0 , 0.8333333333234126 , 0.0 , 0.26890756302144386 , 0.0 , 0.0 , 0.0 , 0.0 , 0.0 , 0.0 , 0.0 , 0.0 , 0.0 , 0.0 , 0.0 , 0.0 , 0.0 , 0.1818181818162141 , 0.7945205479400228 , 0.0 , 
280: 0 , 0.0 , 0.0 , 0.0 , 0.0 , 0.0 , 0.0 , 0.0 , 0.0 , 0.0 , 0.0 , 0.0 , 0.5913043478237499 , 0.0 , 0.31808035713930716 , 0.0 , 0.6649616368243929 , 
281: 0 , 0.0 , 0.0 , 0.0 , 0.0 , 0.0 , 0.0 , 0.0 , 0.0 , 0.0 , 0.0 , 0.0 , 0.0 , 0.0 , 0.0 , 0 , 0 , 0 , 
282: 0 , 0.4288377874442858 , 0.03595244998548567 , 0.0 , 0.0 , 0.41243654822160564 , 0.0 , 0.0 , 0.0 , 0.0 , 0.47999999999542864 , 0 , 0 , 0.5352941176461592 , 0.48611111108860594 , 
283: 0 , 0.0 , 0.0 , 0.7023411371217884 , 0.4973404255275059 , 0.0 , 0.030985915492666802 , 0.42768273716785504 , 0.6124999999992267 , 0.14627285513292887 , 0.0 , 0.0 , 0.816448598127789 , 0.8468834688289507 , 0.0 , 
284: 0 , 0.0 , 0.0 , 0.0 , 0.3615702479301491 , 0.0 , 0.0 , 0.24671052631477505 , 0.0 , 0.7803571428501754 , 
285: 0 , 0.0 , 0.0 , 0.0 , 0.0 , 0.0 , 0.0 , 0.7947976878584003 , 0.0 , 0.0 , 0 , 0 , 0 , 0 , 0 , 
286: 0 , 0.0 , 0.0 , 0.7617554858814771 , 0.48677248676604795 , 0.0 , 0.0 , 0.0 , 0.0 , 0 , 0.788282290274379 , 0.9756097560898851 , 0 , 0 , 0 , 0 , 0 , 0 , 0.3156498673712144 , 0.7301886792433149 , 0.5820105819951849 , 
287: 0 , 0.0 , 0.0 , 0.8186195826513866 , 0.0 , 0.0 , 0.0 , 0 , 0.40067340067115226 , 0 , 0 , 0 , 0 , 0 , 0 , 0 , 0 , 0 , 0 , 0 , 0 , 0 , 0.4751131221611965 , 
288: 0 , 0.0 , 0.0 , 0.7507122507015568 , 0.0 , 0.0 , 
289: 0 , 0.0 , 0.0 , 0.0 , 0.0 , 0.19397993310928663 , 0.0 , 0.0 , 0.0 , 0.0 , 0.0 , 0.0 , 0.0 , 0.0 , 0.0 , 0.0 , 0.0 , 0.0 , 0.0 , 0.0 , 0.09782608695603841 , 0.37585421411872605 , 0.8744855966898254 , 0.38520710059057633 , 0.8854127402923381 , 0.0 , 
290: 0 , 0.0 , 0.0 , 0.0 , 0.0 , 0.0 , 0.0 , 0.0 , 0.0 , 0.0 , 0.0 , 0.4158636026655607 , 0.0 , 0.6751804552988607 , 0.9178082191759512 , 0 , 0.11261261261240126 , 0 , 
291: 0 , 0.0016511458952502137 , 0.0 , 0.0 , 0.0 , 0.0 , 0.0 , 0.6422764227626918 , 0.0 , 0.0 , 0 , 0 , 0 , 0 , 0 , 0 , 
292: 0 , 0.0 , 0.0 , 0.0 , 0.0 , 0.0 , 0.0 , 0.0 , 0 , 0 , 0 , 0 , 0 , 0 , 0 , 0 , 0 , 0 , 0 , 0 , 0 , 0 , 0 , 
293: 0 , 0.0 , 0.0 , 0.0 , 0.0 , 0.0 , 0.6175115207352946 , 0.0 , 0.27450980391932595 , 0.771282051278096 , 0.0 , 0 , 0 , 0.6480117820317643 , 0.8124999999968654 , 0.7285714285610204 , 
294: 0 , 0.0 , 0.0 , 0.0 , 0.0 , 0.0 , 0.0 , 0.0 , 0.0 , 0.19277845777214117 , 0.1269841269832108 , 0.1099500227164473 , 0.20833333333226167 , 0.0 , 0.17883755588540362 , 0.04671280276812568 , 0.005263157894721453 , 0.3649246117216132 , 0.0 , 0.5719211822655402 , 0.0 , 0.0 , 0 , 0 , 
295: 0 , 0.8941176470553173 , 0.0 , 0.8851674641133721 , 0.08988764044893321 , 0.4733096085367144 , 0.0 , 0.0 , 0.0 , 0.0 , 0.0 , 0 , 0 , 
296: 0 , 0.0 , 0.0 , 0.23920051579548937 , 0.2961672473815999 , 0.38935870331150574 , 0.35396941004969423 , 0.0 , 0.0 , 0.9369414101244442 , 0.6799999999964211 , 0.0 , 0.5324459234591267 , 
297: 0 , 0.0 , 0.0 , 0.0 , 0.0 , 0.0 , 0.0 , 0.0 , 0.0 , 0.0 , 0.0 , 0.0 , 0.0 , 0.0 , 0 , 
298: 0 , 0.0 , 0.0 , 0.0 , 0.0 , 0.0 , 0.0 , 0.0 , 0.5051124744272983 , 0.776627218929167 , 0.0 , 0.7058823529336269 , 
299: 0 , 0.03629658385090819 , 0.0 , 0.0 , 0.0 , 0.0 , 0 , 0 , 0 , 0 , 0 , 0 , 0 , 0 , 0 , 0 , 0 , 0.5160390516003066 , 
300: 0 , 0.4620948298942885 , 0.0 , 0.0 , 
301: 0 , 0.0 , 0.6765416752982 , 
302: 0 , 0.0 , 0.0 , 0.0 , 0.0 , 
303: 0 , 0.0 , 0.0 , 0.0 , 0.0 , 0 , 0 , 0 , 0 , 0 , 0 , 0 , 0 , 0 , 0 , 0 , 0.36521739129905484 , 0 , 0.9811320754690909 , 0 , 0 , 0.09473684210511864 , 
304: 0 , 0.0 , 0.0 , 0.0 , 0.0 , 0.0 , 
305: 0 , 0.0 , 0.0 , 0.0 , 0.0 , 0.0 , 0.0 , 0.0 , 0.0 , 0.0 , 0.0 , 0.0 , 0.38260869564662886 , 0.0 , 0.0 , 0 , 0 , 0 , 0 , 0 , 
306: 0 , 0.0 , 0.5813953488337424 , 
307: 0 , 0.0 , 0.0 , 0 , 0.0005708600414280357 , 0 , 0 , 0 , 0 , 0 , 0 , 0 , 0 , 0 , 0.7489837398348612 , 0 , 0 , 0 , 0 , 0 , 0 , 0 , 0.4711856400555711 , 0.49438775510120003 , 0 , 0 , 0 , 0.09725986148735734 , 0 , 
308: 0 , 0.33684210525961217 , 0.0 , 0.0 , 0.7726495726491466 , 
309: 0 , 0.0 , 0.0 , 0.0 , 0.0 , 0.0 , 0 , 0.7293691633307324 , 
310: 0 , 0.0 , 0.0 , 0 , 0.15426105717201444 , 0 , 0 , 0 , 0.806555513450537 , 0.6887565152592051 , 0.8212560386429348 , 0 , 0 , 0.33457249070549056 , 0 , 0.28849902534066196 , 0.6407263294339725 , 0.15607649598964812 , 0 , 0.22572178477650792 , 
311: 0 , 0.0 , 0.0 , 0.0 , 0.0 , 0.0 , 0.0 , 0.0 , 0.14285714285697107 , 0.0 , 0 , 0 , 0.7756756756686877 , 0.5470085470054302 , 0 , 0.5561871447298729 , 0 , 0 , 0 , 0 , 0.44806517310696403 , 0.5668276972594374 , 
312: 0 , 0.0 , 0.0 , 0.0 , 0.0 , 0.0 , 0.0 , 0.0 , 0.7356948228832719 , 0.7023705004328151 , 0.0 , 0.0 , 0.0 , 0.0 , 0.04535147392277395 , 0.3094034378128473 , 
313: 0 , 0.0 , 0.0 , 0.0 , 0.21162790697428338 , 0.0 , 0.0 , 0.3718449519227976 , 0.0 , 0.0 , 0.0 , 0.0 , 0.0 , 0 , 0 , 0 , 0 , 0 , 0.14590347923660787 , 0 , 0 , 0 , 0 , 
314: 0 , 0.0 , 0.0 , 0.0 , 0.0 , 0.0 , 0.0 , 0.0 , 0.0 , 0.1881852397314775 , 0.129503407984392 , 0.0 , 0.0 , 0.0 , 0.0 , 0.0 , 0 , 0 , 0 , 0 , 0.41319444444085773 , 0 , 0 , 0.8639846743278468 , 0 , 0 , 0.6256684491811318 , 
315: 0 , 0.0 , 0.0 , 0 , 0 , 0 , 0 , 0 , 0 , 0.6454858353173273 , 0 , 0.4996923076907702 , 
316: 0 , 0.0 , 0.0 , 0.0 , 0.0 , 0.0 , 0.0 , 0.0 , 0 , 0.0629056415373794 , 0.3805253042909016 , 0 , 0.025795356835547765 , 0 , 0 , 0 , 0 , 0 , 0.9106753812586565 , 0.8366797257580354 , 0 , 0 , 0 , 0 , 0.6852976913688621 , 
317: 0 , 0.0 , 0.0 , 0.0 , 0.0 , 0.0 , 0.0 , 0.0 , 0.0 , 0.0 , 0.5439093484342222 , 0 , 0.6045056320362672 , 0.6391320898350987 , 
318: 0 , 0.0 , 0.0 , 0.3580024067367148 , 0.0 , 0.0 , 0.0 , 0.7458646616485274 , 0.679245283015664 , 0.8068619892048229 , 0.0 , 0.0 , 
319: 0 , 0.0 , 0.0 , 0.0 , 0.0 , 0.0 , 0.4964539007033516 , 0 , 0.9803921568595413 , 0 , 0 , 
320: 0 , 0.0 , 0.0 , 0.6943999999962965 , 0.0 , 0.0 , 0 , 0 , 0 , 0.9171898355727438 , 0 , 0 , 
321: 0 , 0.6964285714223534 , 0.6269599812763236 , 0.0 , 0.0 , 0.0 , 0.0 , 0.0 , 0.0 , 0.0 , 0.0 , 0.0 , 0.8886490375950915 , 0.0 , 
322: 0 , 0.0015317286652045258 , 0.0 , 0.9879518072256986 , 0.0 , 0.0 , 
323: 0 , 0.0 , 0.0 , 0.0 , 0 , 0 , 0 , 0 , 0 , 0 , 0 , 0 , 0 , 0 , 0 , 0 , 0 , 0 , 0 , 0 , 0 , 0 , 0 , 0 , 0 , 0.09302325581275164 , 0.6076388888836143 , 0.3804878048749554 , 0 , 0 , 0 , 0 , 0 , 
324: 0 , 0.0 , 0.0 , 0.0007487271638203823 , 0.0 , 0.0 , 0.0 , 0.0 , 0.0 , 0.0 , 0.0 , 0.0 , 0.0 , 0.0 , 0.0 , 0 , 0 , 0 , 0 , 0 , 0.5219206680475591 , 0 , 0.4351931330434748 , 0 , 0 , 0 , 0 , 0.7409326424742498 , 0 , 0.66139061616608 , 0 , 0 , 0 , 
325: 0 , 
326: 0 , 0.0 , 0.0 , 0.0 , 0.0 , 0.0 , 0.0 , 0 , 0 , 0 , 0 , 0 , 0.7885714285676735 , 0.5366178428690197 , 0 , 0 , 0.41222879684147123 , 0 , 0 , 0.18808777429270546 , 0.952380952376674 , 0 , 0 , 0.17942583731985876 , 0 , 0 , 0.28260869564856 , 0 , 0 , 
327: 0 , 0.2166666666640873 , 0.5685096153777823 , 0.038135593220136994 , 0.55002370791801 , 
328: 0 , 0.8238636363577851 , 0.0 , 0.5707720588182834 , 0.8462379702518674 , 0 , 0 , 
329: 0 , 0.0 , 0.0 , 0 , 0 , 0 , 0 , 0 , 0 , 0 , 0 , 0 , 0.5688622754405859 , 0 , 0.9460869565199109 , 0 , 0 , 
330: 0 , 0.0 , 0.0 , 0.0 , 0.0 , 0.0 , 0.0 , 0.0 , 0.0 , 0.0 , 0.0 , 0.0 , 0.0 , 0 , 0 , 0 , 0 , 0 , 0 , 0.5499999999908334 , 0 , 0 , 0 , 0 , 0 , 0 , 0 , 0 , 0.1332560834283516 , 0 , 0.3267108167746379 , 0 , 0 , 0 , 0 , 0 , 0 , 0 , 0 , 0 , 0 , 0.7553066037713582 , 
331: 0 , 0.0 , 0.0 , 0.0 , 0.0 , 0.0 , 0.0 , 0.0 , 0.0 , 0.16636197440559664 , 0.47741034000820354 , 0.0 , 0 , 0 , 0 , 0 , 0 , 0 , 0 , 0 , 0 , 0 , 0.4276729559710003 , 0.39977603583202814 , 0 , 0 , 0 , 0 , 0 , 0 , 0 , 0 , 0 , 0.9110294117630312 , 0 , 
332: 0 , 0.0 , 0.0 , 0.0 , 0.0 , 0.0 , 0.0 , 0.3084577114423347 , 0.23678139418872776 , 0.1738116799290623 , 0.6615384615382096 , 0.7865364492487155 , 0.058181818181515944 , 0.0 , 0 , 0 , 0 , 0 , 0.09400852343922285 , 0 , 0.899947061932769 , 0 , 0 , 
333: 0 , 0.34199999999316 , 0.0 , 0.4686192468586568 , 0.0 , 0.0 , 0.0 , 0.7894736841916393 , 0.0 , 0.0 , 0.0 , 0.3260869565173086 , 0.0 , 0.13292433537560483 , 
334: 0 , 0.0 , 0.0 , 0.0 , 0.0 , 0.0 , 0.0 , 0.0 , 0.0 , 0.0 , 0.4378901373269729 , 
335: 0 , 0.0 , 0.7153700189726172 , 0.0 , 0.0 , 0.0 , 0.0 , 0.0 , 0.0 , 0.0 , 0.0 , 0 , 0 , 0 , 0 , 0 , 0 , 0.7654075546668959 , 0.7636363636190082 , 0.8849056603749733 , 0.07534593928854227 , 0.658025922231988 , 0 , 0 , 0 , 0.4519230769210077 , 
336: 0 , 0.0 , 0.8679344955082445 , 0.699806949800195 , 0.14386920980900297 , 0.41237589471158537 , 0.00023811413604235405 , 0.0 , 0.0 , 0.8149405772449636 , 0.563610518833398 , 0.0 , 0.7896466721381296 , 
337: 0 , 0.0 , 0 , 0 , 0 , 0 , 0 , 0 , 0 , 0 , 0.4926315789369972 , 0.9340540540490052 , 0 , 0 , 0 , 0 , 0 , 0.6405693950149441 , 0.7021885521873701 , 0.7599999999867826 , 
338: 0 , 0.0 , 0.0 , 0.0 , 0.0 , 0.0 , 0.6031613976655311 , 0.7499999999958792 , 0.0 , 0.0 , 0.0 , 0.0 , 0 , 0 , 0 , 0.10424710424652925 , 0.7081280788162806 , 0.5341040462365999 , 
339: 0 , 0.0 , 0.0 , 0 , 0 , 0 , 0 , 0 , 0 , 0 , 0 , 0 , 0 , 0 , 0 , 0 , 0 , 0 , 0 , 0 , 0 , 0 , 0 , 0 , 0 , 0 , 0 , 0 , 0 , 0 , 0 , 0 , 0 , 0 , 0 , 0.4887387387332349 , 0.11647972389941122 , 0.6559617355631843 , 0.984615384611942 , 0 , 0 , 0 , 0 , 0 , 0 , 0 , 0 , 
340: 0 , 0.0 , 0.0 , 0.0 , 0.0 , 0.0 , 0.0 , 0 , 0 , 0 , 0.6728452270589766 , 0.666999999996665 , 0 , 0.41803278688489626 , 
341: 0 , 0.0 , 0.6116310160407366 , 0.0 , 0.0 , 0.0 , 0 , 0 , 0 , 0 , 0 , 0.8984644312099703 , 0 , 0 , 0 , 0.7563850687607929 , 0 , 0 , 0 , 0 , 0 , 0 , 0 , 0.16721672167032764 , 
342: 0 , 0.0 , 0.0 , 0.0008618213157132563 , 0 , 0 , 0 , 0 , 0 , 0 , 0 , 0.9637919683970909 , 0.2999999999977273 , 
343: 0 , 0.0 , 0.0 , 0.0 , 0.0 , 0.013499633162139032 , 0.0 , 0.6233766233685276 , 0.8066413005852416 , 0.12269412269359634 , 0.346666666665266 , 
344: 0 , 0.0 , 0.0 , 0.0 , 0.0 , 0.0 , 0.0 , 0.0 , 0.0 , 0.0 , 0.0 , 0 , 0 , 0 , 0 , 0.9090909090803136 , 0.4393063583561094 , 
345: 0 , 0.0 , 0.0 , 0.0 , 0.024672897196215564 , 0.804694048610187 , 0 , 0 , 0 , 0 , 0 , 0 , 0.8661654135273221 , 0.8410896708254215 , 0 , 
346: 0 , 0.0 , 0.0 , 0.0 , 0 , 0 , 0 , 0 , 0 , 0 , 0.5609973285824844 , 0 , 0 , 0 , 0 , 0 , 0 , 0 , 0 , 0 , 0.7292110874161556 , 0 , 0.9821428571394183 , 0 , 
347: 0 , 0.0 , 0.0 , 0.0 , 0 , 0 , 0.543749999995752 , 0.8022263450805113 , 0.9050347932857075 , 0.6095706618935172 , 0 , 
348: 0 , 0.0 , 0.07063711911345111 , 0.32982134676898844 , 0.5600638249360381 , 
349: 0 , 0.0 , 0.0 , 0.0 , 0 , 0 , 0 , 0.38095238093942335 , 0 , 0.42026578072740645 , 0 , 0 , 0 , 0 , 0 , 0 , 0 , 0.1788218793816352 , 0.798252766452186 , 0.7500344684947607 , 0 , 0 , 0.27076923076645365 , 
350: 0 , 0 , 0.0 , 0 , 0 , 0.4923076923034846 , 0 , 0 , 0 , 0 , 0 , 0 , 0 , 0 , 0 , 0.3499999999955128 , 0 , 0.8418201516747464 , 0 , 0 , 0 , 0 , 0 , 0.49176470587656745 , 0.24853801169499803 , 0 , 0.34737299174913727 , 0.5875706214606276 , 
351: 0 , 0.0 , 0.0 , 0.0 , 0.0 , 0.0 , 0.0 , 0 , 0 , 0 , 0 , 0.33333333332647463 , 0 , 0 , 0 , 0.8052190121080596 , 0 , 
352: 0 , 0.3152848279749857 , 0.2807438512294733 , 0.2554945054943208 , 0.05384615384605971 , 0.1823618964765307 , 0.08771929824542167 , 0.4434149569817642 , 0.46601623349965887 , 0.8909853249382497 , 0.9078947368288319 , 
353: 0 , 0.0 , 0 , 0.2456140350834103 , 0 , 0 , 0 , 0.7437499999922526 , 0 , 0 , 0 , 0 , 0 , 0 , 0 , 0 , 0.03321606806836847 , 
354: 0 , 0.0 , 0.0 , 0.0 , 0 , 0 , 0 , 0 , 0 , 0 , 0 , 0 , 0 , 0 , 0 , 0 , 0 , 0 , 0 , 0.29166666666114266 , 0 , 0 , 0 , 0 , 0.8148688046607635 , 0 , 0 , 0 , 0 , 
355: 0 , 0.0 , 0.852764094138737 , 0.5088730122142096 , 0.057815845824315905 , 0.05068637803536762 , 0.0 , 0.9518072289142975 , 0.33689839571992336 , 0.0 , 0.0 , 
356: 0 , 0.0 , 0.0 , 0 , 0 , 0 , 0 , 0 , 0 , 0 , 0.19969040247616196 , 0 , 0.5003103662311188 , 0 , 0 , 0 , 0 , 0 , 0 , 0 , 0 , 0 , 0 , 0.7525233644831681 , 
357: 0 , 0.0 , 0.0 , 0.0 , 0 , 0 , 0 , 0 , 0 , 0 , 0 , 0 , 0 , 0 , 
358: 0 , 0.08344766502838029 , 0.06159420289848098 , 0.6450726344706614 , 0.5837299870181857 , 0.0 , 0.0 , 0.868450082733402 , 0.0 , 
359: 0 , 0.0 , 0.6153846153747534 , 0.0 , 0.691215616675322 , 0.0 , 0.0 , 0 , 0 , 0 , 0 , 0.7759562841513746 , 0 , 0 , 0 , 0.42253521125768695 , 0 , 0 , 0 , 
360: 0 , 0.0 , 0 , 0 , 0 , 0 , 0 , 0 , 0 , 0 , 0 , 0 , 0 , 0 , 0 , 0 , 0 , 0 , 0 , 0.8868048700215748 , 0 , 0 , 0.9276018099487551 , 0.7819548872121658 , 0 , 
361: 0 , 0.0 , 0.31389870435760614 , 0.5608974358966188 , 0.0 , 0.0 , 0 , 0 , 0 , 0 , 0 , 0 , 0.08007687379833392 , 0 , 0 , 0.8445747800551129 , 0.6260869565206281 , 0 , 0 , 0 , 
362: 0 , 0.0 , 0.0 , 0 , 0 , 0 , 0 , 0 , 0 , 0 , 0 , 0 , 0 , 0 , 0 , 
363: 0 , 0.0 , 0.0 , 0 , 0 , 0 , 0 , 0 , 0 , 0 , 0 , 0 , 0 , 0 , 0.3982430453821634 , 0 , 0 , 0 , 0.7206266318443783 , 
364: 0 , 0 , 0 , 0 , 0 , 0 , 0 , 0.7278106508803963 , 0 , 0 , 0 , 0 , 0 , 0.8846153846106591 , 0 , 0 , 0 , 0 , 0.3938461538400947 , 0 , 0.2782608695531191 , 
365: 0 , 0.08779931584848576 , 0.1079913606899785 , 0.0 , 0.7184604419050716 , 0.002751752604336385 , 0.3723404255311227 , 0.21352313167069822 , 0.051048313582265054 , 0.05410047230547832 , 0.0 , 0.0 , 0.0 , 0.0 , 0.8118811881157202 , 0.866842318603837 , 0.732625482618411 , 0.0 , 0.6506849315043733 , 
366: 0 , 0.0 , 0.0 , 0.0 , 0.0 , 0.0 , 0.7928838951281165 , 0.0 , 0.7102272727171842 , 0.0 , 0.7621951219445803 , 0.4250337685717582 , 0.0 , 
367: 0 , 0.0 , 0.0 , 0.0 , 0.3849892008628915 , 0.0 , 0.4929971988760995 , 0.0 , 0.0 , 0.6378600822979644 , 0.0 , 0.0 , 0.0 , 0.0 , 0 , 0 , 0 , 0 , 0.6939655172339012 , 0 , 0 , 0 , 0 , 0.6593406593386467 , 
368: 0 , 0.0 , 0.0 , 0.0 , 0.0 , 0.07025089605709588 , 0.830609212480398 , 0.9050894085250857 , 0.0 , 0.0 , 0.0 , 0.0 , 0.6439393939345157 , 0.94285714285548 , 0.42809364547779105 , 
369: 0 , 0.0 , 0.0 , 0.0 , 0.0 , 0.0 , 0.0 , 0.0 , 0.0 , 0.0 , 0.0290355329948649 , 0.662389735364433 , 0.0 , 0 , 0.44444444443950615 , 0 , 0.8372093023190915 , 
370: 0 , 0.0 , 0.0 , 0.0 , 0.0 , 0.0 , 0.0 , 0.7353407289957581 , 0.0 , 0.7999999999958974 , 0.7835820895376198 , 0.0 , 0.0 , 0.8658823529360831 , 0.0 , 0 , 0 , 0.7219512195071641 , 0 , 0 , 
371: 0 , 0.8056265984586052 , 0.8477466504211465 , 0.0 , 0.4253315156767563 , 0.0 , 0.06260032102718684 , 0.0 , 0.0 , 0.6175073512765946 , 0.2916666666654981 , 0.0 , 
372: 0 , 0.0 , 0.0 , 0.0 , 0.006493506493459643 , 0.8354700854641349 , 0.5438596491188314 , 
373: 0 , 0.0 , 0.2787456445991008 , 0.8889683532971769 , 0.05991189427299579 , 0.0 , 0.4361158432671541 , 
374: 0 , 0.0 , 0.0 , 0 , 0 , 0 , 0 , 0 , 0 , 0.3999999999911111 , 0.36923076922366865 , 0 , 0 , 0 , 0 , 0 , 0 , 0 , 0 , 0 , 0 , 0 , 0 , 0 , 0 , 0 , 0 , 
375: 0 , 0.0 , 0.0 , 0.8155650319742477 , 0.0 , 0.0 , 0.0 , 0.0 , 0 , 0 , 
376: 0 , 0 , 0.6219512195046103 , 0 , 0 , 0 , 0 , 0 , 0.7705159705121842 , 0 , 0.8372093022977671 , 0 , 0 , 0 , 0 , 0 , 0.7499999999955358 , 0 , 0.49358974358900776 , 0 , 0.5478260869406427 , 
377: 0 , 0.4605263157865882 , 0.0 , 0.0 , 0.0 , 0.5570599613125867 , 0.10691823899349377 , 0.2128116938949464 , 0.0 , 0.09858839345724207 , 0.0 , 0.0 , 0.2519685039366111 , 0.38090990187219476 , 0.0 , 0.0 , 0 , 0 , 0 , 0 , 0 , 0.4717465753417926 , 
378: 0 , 0.0 , 0.0 , 0.0 , 0.0 , 0 , 0 , 0 , 0 , 0 , 0.5274725274628668 , 0 , 0 , 0.4954954954843357 , 0.8270270270121256 , 0.3319386331915486 , 0 , 0 , 0 , 0 , 0 , 0 , 0.9148559878703516 , 0.8273092369459454 , 0.8923076923029586 , 0 , 0 , 0 , 0 , 
379: 0 , 0.0 , 0.0 , 0.0 , 0.0 , 0 , 0 , 0 , 0 , 0.40634920634275634 , 0 , 0 , 0.494505494504136 , 0.16016568864287137 , 0.3525943396184836 , 0.6702073849232666 , 0.0488527017023221 , 0.7792207792178879 , 
380: 0 , 0.0 , 0.0 , 0.0 , 0.0 , 0.6375227686664389 , 0.7702888583112752 , 0.0 , 0.46908315564031805 , 0.4514963880265661 , 0.07871720116560703 , 0.5375722543344833 , 0.9061488673065846 , 0.6597325408520099 , 0.0 , 
381: 0 , 0.6606606606540474 , 0.701866666664795 , 0.8365193996029194 , 0.02864183754125898 , 
382: 0 , 0.0 , 0.14705882352744573 , 0.13427561837218593 , 0.0 , 0.0 , 0 , 0 , 0 , 
383: 0 , 0.0 , 0.0 , 0.0 , 0.0 , 0.0 , 0.12264150943203393 , 0.0 , 0 , 0 , 0 , 0 , 0 , 0.7339158061895639 , 0 , 0 , 0 , 0 , 0.283303730015246 , 0.9086395233336357 , 0.6291390728459461 , 0 , 0.15670103092718887 , 0 , 0.688509800704758 , 0 , 
384: 0 , 0.0 , 0.0 , 0.0 , 0.41975308641543463 , 0.0 , 0 , 0 , 0 , 0 , 0 , 0 , 0 , 0 , 
385: 0 , 0.0 , 0.0 , 0.0 , 0 , 0 , 0.8547807332823337 , 0 , 0.027096191479742925 , 0 , 
386: 0 , 0.0 , 0.0 , 0.0 , 0.0 , 0.0 , 0 , 0 , 0.48529411763813796 , 0.7619047618990931 , 0 , 0 , 
387: 0 , 0.0 , 0.0 , 0.5199999999935 , 0.7223701730977207 , 0.0 , 0.28695652173774416 , 0.0 , 0.0 , 0.43115942028725146 , 0.0 , 0.0 , 0.0 , 0.3683010262215701 , 0 , 0 , 0.16767227691277337 , 0.213858600069596 , 0.5918367346886262 , 0.6132404181160928 , 
388: 0 , 0.0 , 0.0 , 0.0 , 0.0 , 0.0 , 0.0 , 0.0 , 
389: 0 , 0.0 , 0.0 , 0.11666666666342593 , 0.17371323529331933 , 0.8642363293471764 , 0.7982017981978112 , 0.0 , 0.3138357705269188 , 
390: 0 , 0.0 , 0.0 , 0.0 , 0.0 , 0.0 , 0 , 0.906125696099427 , 0.32812499999572753 , 0 , 0 , 0 , 0.8058608058534262 , 0 , 0.679245283008188 , 
391: 0 , 0.0 , 0.0 , 0.0 , 0.0 , 0.0 , 0.0 , 0.0 , 0.0 , 0.3253521126737651 , 0.5455486542414827 , 0.0 , 0.2660979315177444 , 0.5171939477297521 , 0.0 , 0.0 , 0.0 , 0.0 , 0.0 , 0 , 0 , 0 , 0.4693877550980495 , 0.543209876542651 , 0.535661764703913 , 
392: 0 , 0.0 , 0.0 , 0.0 , 0.0 , 0.0 , 0.0 , 0 , 0.6696428571368782 , 0.9241631799114846 , 0 , 
393: 0 , 0.0 , 0.0 , 0.0 , 0.0 , 0.0 , 0.0 , 0.0 , 0.0 , 0.5130315500615497 , 0.5438066465215725 , 0.018471872376076944 , 0.5970501474908642 , 0.45454545453512396 , 0.8425720620780298 , 
394: 0 , 0.0 , 0.0 , 0.790346352246149 , 0.007614060430959548 , 0.13101767215092777 , 0.829901639343174 , 0.13504823151077153 , 0.0 , 0.5007085498340803 , 0.08934624697314929 , 0.0 , 0.6925880923422739 , 0.0 , 0 , 0 , 0.4126794258323842 , 
395: 0 , 0.0 , 0.686977299872318 , 0.6133930794109699 , 
396: 0 , 0.0 , 0.0 , 0.0 , 0.0989010989005269 , 0.0 , 0.0 , 0.0 , 0.0 , 0.0 , 0.0 , 0.0 , 0.0 , 0.0 , 0.0 , 0 , 0 , 0 , 0.18618618618506796 , 0.6647681041470107 , 0.8366890380282003 , 0 , 0 , 0 , 0 , 0 , 0 , 0 , 0 , 0 , 0.5954415954373544 , 0.8212927756637557 , 0.9186952288195748 , 0.590909090886708 , 0 , 0 , 0 , 0 , 
397: 0 , 0.0 , 0.0 , 0.0 , 0.0 , 0.6719457013422636 , 0.0 , 0.0 , 0.0 , 0.0 , 0.0 , 0.0 , 0.0 , 0.0 , 0.0 , 0.0 , 0.0 , 0.41745283018838963 , 
398: 0 , 0.3461538461475063 , 0.5303030302949954 , 0.0 , 0.0 , 0.0 , 0.0 , 0.0 , 0.0 , 0.0 , 0.005566470203010164 , 0.574834437078479 , 0.0 , 0.4222222222192902 , 0.0 , 0.0 , 0 , 0 , 0.6687306501496229 , 0 , 0 , 0 , 0 , 0.42580645160740893 , 0 , 0 , 0 , 0.7266927351299375 , 0 , 0 , 0 , 0 , 0 , 
399: 0 , 0.0 , 0.0 , 0.0 , 0.0 , 0.0 , 0.0 , 0.0 , 0.0 , 0.0 , 0.0 , 0 , 0 , 0 , 0 , 0 , 0 , 0 , 0 , 0 , 0 , 0 , 0 , 0 , 0 , 0 , 0 , 0 , 0 , 0 , 0 , 0 , 0 , 0 , 0 , 0 , 0.6698369565194638 , 0 , 0 , 
400: 0 , 0.0 , 0.0 , 0.4599100291070127 , 0.0 , 0.0 , 0.7351351351334794 , 0.2708333333306465 , 0.8428233581946126 , 0.0 , 
401: 0 , 0.0 , 0.7597402597155928 , 0.0 , 0.4674157303265749 , 0.0 , 0.0 , 0.0 , 0.4383116883081306 , 0.0 , 0.0 , 0.0 , 0.0 , 0.0 , 0 , 0 , 0 , 0 , 0 , 0 , 0.7749077490679593 , 
402: 0 , 0.0 , 0.0016869395365351845 , 0.7687460617468889 , 0.0 , 0.37162162161325174 , 0.4589371980620901 , 0.5741007194162 , 0.6181455633069883 , 0.0 , 0.5669291338560357 , 0.442105263153241 , 0.0 , 0.0 , 0.0 , 0.0 , 0.0 , 0.0 , 0.0 , 0.0 , 0 , 0 , 0.5201970443298503 , 0 , 
403: 0 , 0.0 , 0.0 , 0.06493506493365941 , 0.0 , 0.0 , 0.8682634730464649 , 0.3986998916565582 , 
404: 0 , 0.0 , 0.0 , 0.0 , 0.0 , 0.0 , 0.0 , 0.0 , 0.0 , 0.0 , 0 , 0 , 0 , 0 , 0 , 0 , 0 , 0 , 0 , 0 , 0 , 0.09577278731804567 , 0.6965174129339906 , 0 , 0.3222821896659809 , 
405: 0 , 0.0 , 0.0 , 0.0 , 0.0009383308137411705 , 0 , 0 , 0 , 0 , 0 , 0.37837837837373 , 0.9150597609547171 , 
406: 0 , 0.0 , 0.0 , 0.0 , 0.0 , 0.0 , 0.0 , 0.0 , 0.0 , 0 , 0 , 0 , 0 , 0 , 0 , 0 , 0.735069346162652 , 
407: 0 , 0.0 , 0.0 , 0.0 , 0.0 , 0.0 , 0.0 , 
408: 0 , 0.0 , 0.0 , 0.0 , 0.0 , 0.0 , 0.32373225151998486 , 0.0 , 0.0 , 0.0 , 0 , 0 , 0.5178236397700017 , 0 , 0.9299516908156404 , 0 , 0 , 0 , 0.13580246913475463 , 0 , 0.34357174199059426 , 0 , 0.6229508196667563 , 0.5995717344689553 , 0 , 0 , 
409: 0 , 0.09792284866410729 , 0.0 , 0.0 , 0.0 , 0.0 , 0.3554687499976858 , 0.0 , 0.10891089108856976 , 0.2107904642405728 , 0 , 0 , 0 , 0.030927835051280692 , 0.47387606318059616 , 0.2262357414440067 , 0 , 0 , 0 , 0 , 0 , 0 , 0 , 0.09677419354810331 , 0 , 0 , 0 , 0.21446424252179758 , 0 , 0.4611764705773841 , 0 , 0 , 0 , 
410: 0 , 0.0 , 0.0 , 0.0 , 0.0 , 0.7920696324913343 , 0.787515005992947 , 0.0 , 0.9215786775965066 , 0.6333333333321338 , 0.0 , 0.0 , 0.0 , 0.0 , 0 , 0 , 0 , 
411: 0 , 0.0 , 0.0 , 0.0 , 0.0 , 0.4673913043452859 , 0.2898550724595673 , 0.0 , 0.0 , 0.0 , 0.6992665036589332 , 0.0 , 0.0 , 
412: 0 , 0.0 , 0.0 , 0.0 , 0.0 , 0.45333333332901593 , 0.0 , 0.0 , 0.6578947368359221 , 0.0 , 0.0 , 0.0 , 0.19499999999918752 , 0.4731457800481257 , 0.7979797979786465 , 0.30945844771611 , 0.0 , 0.0 , 0.0 , 0.0 , 
413: 0 , 0.0 , 0.0 , 0.0 , 0.6970954356822369 , 0.0 , 0.0 , 0.0 , 0.0 , 0.0 , 0.0 , 0 , 0.9430255402719613 , 0 , 0 , 
414: 0 , 0.0 , 0.0 , 0.0 , 0.10884353741348513 , 0.6613924050580586 , 0.0 , 0.0 , 0.0 , 0.0 , 0.0 , 0.0 , 0.0 , 0.0 , 0.0 , 0.0 , 0.0 , 0 , 0 , 0 , 0.3040935672492391 , 0 , 0 , 0 , 0 , 0 , 0 , 0.5926470588191718 , 0 , 0 , 0.1475409836025262 , 0 , 0.6046511627832968 , 0 , 
415: 0 , 0.6716417910336377 , 0.7631578947303638 , 0.0 , 0.03904958677685217 , 0.0 , 0.009454813359524618 , 0.2794715447140271 , 
416: 0 , 0.0 , 0.0 , 0.0 , 0.20842105262938504 , 0.0 , 0.0 , 0.0 , 0.0 , 0.0 , 0.0 , 0.0 , 0.0 , 0.0 , 0 , 0 , 0 , 0 , 0 , 0.39253996446904904 , 0.5747950819642685 , 0 , 
417: 0 , 0.0 , 0.5285106382933744 , 0.42613636363031054 , 0.7944250870987871 , 0.6440281030407259 , 0.5227272727187869 , 0.6987253765851827 , 0.0 , 0.6896551724061217 , 0.37333333332835555 , 0.0 , 0.45416316231745874 , 
418: 0 , 0.5860339506161535 , 0.5370370370360011 , 
419: 0 , 0.0 , 0.0 , 0.0 , 0.0 , 0.0 , 0 , 0 , 0 , 0 , 
420: 0 , 0.0 , 0.0 , 0.0 , 0.0 , 0.8541367766598419 , 0.0 , 0.7358556056911908 , 
421: 0 , 0.0 , 0.001289350301406348 , 0.0 , 0.802866541351497 , 0.03759512937589407 , 
422: 0 , 0.0 , 0.0 , 0.0 , 0.0 , 0.0 , 0.0 , 0.912914398807952 , 
423: 0 , 0.2183020948172793 , 0.0 , 0.0 , 0.0 , 0.0 , 0.0 , 0 , 0 , 0 , 0 , 0 , 0 , 0 , 0.13714285714187757 , 0 , 0 , 0.7346938775460226 , 0 , 0 , 0 , 0 , 0 , 0 , 0 , 0 , 0 , 0.3345454545447787 , 0.8027777777740612 , 0 , 0.5951940850167247 , 
424: 0 , 0.0 , 0.0 , 0.0 , 0.0 , 0.21874999999810116 , 0.0 , 0.02231803195534507 , 0.0 , 0.0 , 0.3097215985627416 , 0.0 , 0.0 , 0.583646616535868 , 0.8117839607174737 , 0.0 , 0.734187680858342 , 
425: 0 , 0.8402282453607696 , 0.688775510199689 , 0.8294501397923907 , 0.5555247853764732 , 0.939393939378957 , 0.8720353006043242 , 0.43870967741369404 , 0.6537867078774824 , 
426: 0 , 0.0 , 0.0 , 0.0 , 0.0 , 0.0 , 0.7192307692238536 , 0.8885209712999765 , 0.0 , 0.0 , 0.0 , 0.7917907977477793 , 0.0 , 0.011342155009439183 , 0.7940740740701527 , 0.0 , 0.0 , 0.0 , 0.827586206893754 , 
427: 0 , 0.0 , 0.0 , 0.0 , 0.0 , 0.5212660731922786 , 0.0 , 0.0 , 0.0 , 0.0 , 0 , 0.6565040650339786 , 0 , 0 , 0 , 
428: 0 , 0.4388451443546518 , 0.0 , 0.9326113116689426 , 0.0 , 0.0 , 0.0 , 0.0 , 0.0 , 0.7020547945188306 , 0.0 , 
429: 0 , 0.0 , 0.6474820143807256 , 0.49180327868600515 , 0.0 , 0.0 , 0.0 , 0.0 , 0.0 , 0.0 , 0.5873015872988455 , 0.6738544474332988 , 0.7602862253957041 , 0.8450277637514133 , 0.0 , 0.0 , 0.0 , 0.0 , 0.0 , 0.0 , 0.0 , 0.7447306791544172 , 0.0 , 0 , 
430: 0 , 0.0 , 0.0 , 0.0 , 0.3914966328270263 , 0.0 , 0.0 , 0.0 , 0.6908734052925332 , 0.17060274938285055 , 0.24675324675201424 , 0.14039855072421378 , 0.4359177215181252 , 0.7598684210401337 , 0.0 , 0.20132743362720507 , 0.03846811420749108 , 0.18289786223133098 , 0.2561287961941893 , 0.0 , 0.0 , 0 , 0 , 0.9408033826610064 , 
431: 0 , 0.0 , 0.0 , 0.0 , 0.0 , 0.0 , 0.0 , 0.0 , 0.0 , 0.0 , 0.0 , 0 , 0 , 0 , 0 , 0 , 0 , 0.49090909090578516 , 0.4544634806090671 , 0.4383788254746932 , 0 , 0 , 0 , 0.17475728155262685 , 0.537566489359915 , 0.2770562770550777 , 
432: 0 , 0.5234082396979242 , 0.5526468877222068 , 0.1118881118880001 , 0.0 , 
433: 0 , 0.0 , 0.0 , 0 , 0 , 0.912405303025983 , 0 , 0.8916323731077392 , 0.6203208555983871 , 0 , 0 , 
434: 0 , 0.0 , 0.0 , 0.6882591093047747 , 0.0 , 0.5024154589331529 , 0.6692307692234151 , 0.6531400966173058 , 0.38461538461422895 , 0.3877221324654649 , 
435: 0 , 0.0 , 0.0 , 0.0 , 0.0 , 0.5949656750435934 , 0.8953823953759352 , 0.0 , 0 , 0 , 0 , 0 , 0 , 0 , 0.6623931623860856 , 0.8286852589558896 , 0 , 
436: 0 , 0.0 , 0.0 , 0.0 , 0.0 , 0.6279352226695225 , 0.7608695652148851 , 0.8225806451601754 , 0.2163596628159973 , 
437: 0 , 0.0 , 0.0 , 0.0 , 0.0 , 0.0 , 0.0 , 0.0 , 0.0 , 0 , 0 , 0.8057291666652678 , 0.041269841269764206 , 0.37436762225924547 , 0 , 0.5371372356115148 , 0.4378026381697346 , 0 , 0 , 0 , 0.8394758394741206 , 0 , 0 , 0 , 0 , 0 , 0 , 0 , 0 , 0 , 0 , 0 , 0 , 0 , 0 , 0 , 
438: 0 , 0.0 , 0.8789346246937897 , 0.9333333333256516 , 0.0 , 0.0 , 0.015293930221437274 , 0.0 , 0.3019538188223454 , 0 , 0.03034134007572549 , 0.5718654434221617 , 0.7551020408119237 , 
439: 0 , 0.0 , 0.6321839080399216 , 0.0 , 0.0 , 0.0 , 0.0 , 0.0 , 0 , 0 , 0 , 0 , 0 , 0 , 0 , 0 , 0 , 0 , 0 , 
440: 0 , 0.0 , 0.0 , 0.0 , 0 , 0 , 0 , 0 , 0 , 0 , 0 , 0 , 0 , 
441: 0 , 0.22265624999875752 , 0.4615384615295858 , 0.20492610837337477 , 0.440114848234454 , 0.20712694877482501 , 0.7839999999989546 , 
442: 0 , 0 , 0 , 0.528813559313071 , 0.5206611570176217 , 0 , 0 , 0 , 0 , 0 , 0 , 0 , 0 , 0 , 0 , 0.1436993367712329 , 0 , 0 , 0 , 0 , 0 , 0.6855036854994748 , 0.8888888888847737 , 0 , 0 , 0 , 0 , 
443: 0 , 0.0 , 0.0 , 0 , 0 , 0 , 0.6555671175790263 , 0 , 
444: 0 , 0.8454469507065772 , 0.8201058201051421 , 
445: 0 , 
446: 0 , 0 , 0 , 0 , 0.7959183673388172 , 
447: 0 , 0.0 , 0.0 , 0.0 , 0.0 , 0.7525230364161802 , 
448: 0 , 0.917626217883812 , 
449: 0 , 
450: 0 , 0.7299465240630868 , 0.0 , 0.0 , 0.9687499999878906 , 0.8600723763466819 , 0.44174757281017296 , 0.0 , 0.0 , 0.3432032301457389 , 0.7879127028517406 , 
451: 0 , 0.5939393939333946 , 0.9569388190130954 , 
452: 0 , 0.7697947214048029 , 0.9230769230741386 , 0.0 , 0.0 , 0.7542262678754602 , 0.6637931034292013 , 0.8764880952250522 , 0.8788443616002521 , 0.3797953964182232 , 0.44999999998125 , 0.0 , 
453: 0 , 0.7660690861379302 , 0.7031446540851022 , 0.04424103737571136 , 
454: 0 , 
455: 0 , 0.0 , 
456: 0 , 0.0 , 0.0 , 0.0 , 0.0 , 0.0 , 0.0 , 0.0 , 0.8399999999926957 , 0.0 , 
457: 0 , 0.27055702917413055 , 0.46341463413880624 , 0.7588325652725217 , 0.697931034480352 , 0.8948863636348682 , 
458: 0 , 0.0 , 0.0 , 0.0 , 0.0 , 0.0 , 0.0 , 0.8731808731748221 , 0.7896103896083387 , 0.0 , 0.0 , 0.5599804941473342 , 0.0 , 
459: 0 , 0.3596214511031556 , 
460: 0 , 
461: 0 , 
462: 0 , 0.0 , 0.0 , 0.0 , 0.20512820512747462 , 
463: 0 , 
464: 0 , 0.0 , 0.0 , 0.6932839767300548 , 0.0 , 
465: 0 , 0.0 , 0.0 , 0.0 , 0 , 0 , 0 , 0 , 0.06154088297783777 , 0.6778473765739356 , 0 , 
466: 0 , 0.43826086955759547 , 
467: 0 , 0.8974358974310015 , 0.6666666666587302 , 
468: 0 , 0.0 , 0.0 , 0.6308503625535211 , 0.7809523809497246 , 0.32263922518146787 , 
469: 0 , 0.875319926870657 , 
470: 0 , 0.0 , 0.0 , 0.0 , 0.0 , 0.0 , 0.0 , 0.0 , 0.0 , 
471: 0 , 0.0 , 0.0 , 0.0 , 0.7768090671248753 , 0.0 , 0 , 0 , 0 , 0.6951219512181877 , 0 , 0 , 0 , 
472: 0 , 0.0 , 0.0 , 0.0 , 0.0 , 0.0 , 0.0 , 0 , 0 , 0 , 0.693636363635733 , 0.5563636363568926 , 
473: 0 , 0.0 , 0.0 , 
474: 0 , 
475: 0 , 0.7615062761488575 , 
476: 0 , 0.0 , 
477: 0 , 0.0 , 0.0 , 0.8922404126475754 , 0.2581568402971606 , 0.8024271844621241 , 0.0 , 
478: 0 , 0.6671590909083327 , 0.8432624113460226 , 0.9358974358964014 , 
479: 0 , 0.0 , 0.707920792067526 , 0.0 , 0.0 , 0.0 , 0.0 , 0 , 0 , 0 , 0.664772727268006 , 
480: 0 , 0.06791338582643744 , 0.7035777885693645 , 0.0 , 0.0 , 0.0 , 
481: 0 , 
482: 0 , 
483: 0 , 
484: 0 , 0.0 , 0 , 0 , 0.7844827586139269 , 0 , 0 , 
485: 0 , 0.7774086378672973 , 
486: 0 , 0.3021001615484483 , 0.6292134831435425 , 
487: 0 , 0.0 , 0.7272727272642509 , 0.6524822695004611 , 0.6817640047648719 , 0.6845868644049666 , 
488: 0 , 0.0 , 0.1041666666665149 , 0.16320072332656782 , 0.0 , 0.5622972972965374 , 0.8236808236781735 , 
489: 0 , 
490: 0 , 0.7315914489253239 , 0.8484848484726049 , 
491: 0 , 0.0 , 0.7116212338491876 , 0 , 0 , 0 , 
492: 0 , 0.20512820512757898 , 
493: 0 , 0.0 , 0.3693181818129358 , 0 , 0.4117647058778675 , 
494: 0 , 0.6013456686274142 , 0.7660030627847902 , 0.7160493827138393 , 
495: 0 , 0 , 0 , 0 , 0.7766032417140479 , 0 , 0.9069767441782346 , 0 , 0 , 0 , 
496: 0 , 0.0 , 0.8169014084430338 , 0.0 , 0.0 , 0.3977832512266283 , 0.8190812720833586 , 0.4362538869573143 , 0.0 , 
497: 0 , 0.8729096989957431 , 0.4797601199328372 , 0.0 , 
498: 0 , 0.0 , 0.0 , 0 , 0 , 0 , 
499: 0 , 0.7390180878521145 , 0.0 , 0.3234802007790102 , 0.13063357282779023 , 0.20574534161472932 , 
