0: 0 , 0 , 0 , 0 , 0 , 0 , 0 , 0 , 0 , 0 , 0 , 0 , 0 , 0 , 0 , 0.084 , 0 , 0 , 0.7824267782426778 , 0 , 0 , 0 , 0 , 
1: 0 , 0 , 0 , 0 , 0 , 0 , 0 , 0.7863599013968776 , 0 , 0 , 
2: 0 , 0 , 0 , 0 , 0 , 0 , 0 , 0 , 0.2707774798927614 , 0 , 0 , 0 , 0 , 0 , 0.0912043301759134 , 0 , 0.42973708068902994 , 0.005050505050505051 , 0.31718061674008813 , 0 , 0.0003513291954561424 , 0.30084935181046046 , 0.8464269862405681 , 0 , 0 , 0.146218487394958 , 0.3526570048309179 , 0 , 0 , 0.12106537530266344 , 0.7392303273980471 , 
3: 0 , 0 , 0.6329411764705882 , 0 , 0 , 0 , 0 , 
4: 0 , 0 , 0 , 0 , 0 , 0 , 0 , 0 , 0 , 0 , 0 , 0 , 0 , 0 , 0 , 0 , 0 , 0 , 0 , 0 , 0 , 0 , 0 , 0 , 0 , 0 , 0.2542955326460481 , 0.7196990805238228 , 0 , 0 , 0 , 0 , 0.3966597077244259 , 
5: 0 , 0 , 0 , 0 , 0 , 0 , 0 , 0 , 0 , 0 , 0 , 0 , 0 , 0.32519280205655526 , 0.37341772151898733 , 0.2478481311166136 , 0.4118236472945892 , 0 , 0 , 
6: 0 , 0 , 0 , 0 , 0 , 0 , 0 , 0 , 0 , 0 , 0 , 0 , 0 , 0 , 0 , 0 , 0 , 0 , 0 , 0 , 0 , 0 , 0.3751438434982739 , 0.5634057971014492 , 0 , 0 , 
7: 0 , 0 , 0 , 0 , 0 , 0 , 0 , 0 , 0 , 0 , 0 , 0 , 0 , 0 , 0.29564315352697096 , 0 , 0 , 0 , 0.39577836411609496 , 0.656060606060606 , 0.5063649222065064 , 0 , 0 , 0 , 0 , 0 , 0.0009810333551340746 , 0.21490536277602523 , 0 , 0.0004180467569218896 , 
8: 0 , 0 , 0 , 0 , 0 , 0 , 0 , 0 , 0 , 0.4940119760479042 , 0 , 0 , 0.38861867704280156 , 0.24162679425837322 , 0.5203826955074875 , 0.40693578975887296 , 0.009523809523809525 , 
9: 0 , 0 , 0 , 0 , 0 , 0 , 0 , 0.49420289855072463 , 0 , 0 , 0 , 0 , 0 , 0.0029154518950437317 , 
10: 0 , 0 , 0 , 0 , 0 , 0 , 0 , 0 , 0 , 0 , 0 , 0 , 0 , 0 , 0 , 0 , 0 , 0.4925019731649566 , 0 , 0 , 0.08803039898670044 , 0 , 0 , 
11: 0 , 0 , 0 , 0 , 0 , 0.4072072072072072 , 0 , 0 , 0 , 0.2702702702702703 , 0.472289156626506 , 0.7367303609341825 , 0.5389688249400479 , 0 , 0 , 
12: 0 , 0 , 0 , 0 , 0 , 0 , 0 , 0 , 0 , 0 , 0 , 0 , 0 , 0 , 0 , 0 , 0 , 0 , 0 , 0 , 0.33464052287581697 , 0.09528049866429207 , 0.49108399812294695 , 0.7327404633746782 , 0.4876140808344198 , 
13: 0 , 0 , 0 , 0 , 0 , 0 , 0 , 0 , 0.43832020997375326 , 0.39498806682577564 , 0 , 0 , 0.46153846153846156 , 0.6449044585987261 , 0.62955361723961 , 0.6496220542463317 , 0 , 0 , 
14: 0 , 0 , 0 , 0 , 0.5614754098360656 , 0.6989795918367347 , 0.33048433048433046 , 0 , 0.5814917127071824 , 0.14684287812041116 , 0 , 0.8172541743970315 , 0.6873508353221957 , 0 , 0 , 0.28053435114503816 , 0 , 0 , 0 , 0 , 0 , 0.38699186991869916 , 
15: 0 , 0 , 0 , 0 , 0.6444444444444445 , 0.4469914040114613 , 0 , 0 , 0 , 0 , 0 , 0 , 0 , 0 , 0 , 0 , 0.152428810720268 , 0.0654490106544901 , 0.722144652331751 , 0.7182677949228472 , 
16: 0 , 0 , 0 , 0 , 0 , 0.6199770378874856 , 0 , 0 , 0.523719165085389 , 0 , 0 , 0 , 0.39303482587064675 , 0 , 0 , 0 , 0 , 0 , 
17: 0 , 0 , 0.7161541180629197 , 0 , 0 , 0 , 0.5355648535564853 , 0 , 
18: 0 , 0.005291005291005291 , 0 , 0 , 0 , 0 , 0.6902654867256637 , 0.8423005565862709 , 
19: 0 , 0 , 0 , 0 , 0 , 0 , 0 , 0.2564102564102564 , 0 , 0 , 0 , 0 , 0 , 0 , 0 , 0 , 0.4863636363636364 , 0.7982456140350878 , 0 , 0 , 0 , 0 , 0 , 0 , 0 , 0 , 0.263050153531218 , 0 , 0 , 
20: 0 , 0 , 0.4015748031496063 , 0 , 0.07142857142857142 , 0 , 0 , 0.31892826274848746 , 0.45054945054945056 , 0.8936475998850244 , 0 , 0 , 0.44089456869009586 , 0 , 0.19786096256684493 , 
21: 0 , 0 , 0 , 0 , 0 , 0 , 0 , 0 , 0 , 0 , 0 , 0 , 0 , 0 , 0 , 0 , 0 , 0 , 0.20923913043478262 , 0 , 0.07785087719298246 , 0.6523009495982469 , 0.3333333333333333 , 0.6505914467697907 , 0 , 
22: 0 , 0 , 0 , 0.010835913312693499 , 0.42158273381294964 , 0.003367003367003367 , 0.6845238095238095 , 0 , 0 , 0.12980132450331125 , 0 , 0.8093612871769869 , 0 , 
23: 0 , 0 , 0 , 0 , 0 , 0 , 0.467680608365019 , 0 , 0 , 0 , 0.3322884012539185 , 0.6876132930513595 , 0 , 0 , 0 , 0.00024194849185440076 , 
24: 0 , 0 , 0 , 0 , 0 , 0 , 0 , 0 , 0 , 0 , 0.094282572842221 , 0 , 0 , 0 , 0 , 0 , 
25: 0 , 0 , 0 , 0 , 0.7596153846153846 , 0.6959195081050866 , 0 , 0.5157894736842106 , 0.394919168591224 , 0 , 0.7381215469613259 , 0.0024691358024691358 , 0 , 0 , 0.28820116054158607 , 0.4726477024070022 , 
26: 0 , 0 , 0 , 0.25355326329799877 , 
27: 0 , 0 , 0 , 0 , 0 , 0 , 0 , 0 , 0 , 0 , 0 , 0 , 0.3616504854368932 , 0.3626373626373626 , 0.6897590361445783 , 0 , 0 , 0 , 0 , 0.0019342359767891683 , 0 , 0.1529126213592233 , 0.2316684378320935 , 
28: 0 , 0 , 0 , 0 , 0 , 0 , 0 , 0.45251396648044695 , 0 , 0 , 0.5508365508365508 , 0 , 0 , 0 , 0.6083063914449142 , 0.7012035583464155 , 0.772082878953108 , 0.47942754919499103 , 0 , 
29: 0 , 0 , 0 , 0 , 0 , 0 , 0 , 0 , 0.29497907949790797 , 0.6070075757575758 , 0.519208381839348 , 0.6579572446555819 , 0 , 0 , 0 , 0 , 0 , 0 , 0 , 0 , 0.35572139303482586 , 0.7148659626320065 , 0.6565022421524663 , 
30: 0 , 0 , 0 , 0.47030185004868547 , 0 , 0 , 0.46588235294117647 , 
31: 0 , 0 , 0 , 0 , 0 , 0 , 0 , 0 , 0 , 0 , 0 , 0 , 0 , 0 , 0 , 0 , 0.4289544235924933 , 0 , 0 , 0 , 0 , 
32: 0 , 0.26118067978533094 , 0 , 0 , 0 , 0 , 0 , 0 , 0.2717391304347826 , 0 , 0 , 0 , 0.4758539458186101 , 0.5412647374062165 , 0.8072677092916284 , 
33: 0 , 0 , 0 , 0 , 0 , 0 , 0 , 0.6192703461178671 , 0.10053619302949061 , 0 , 0.787751677852349 , 0.46343537414965985 , 0 , 0.706811797752809 , 0.7407908077053058 , 0 , 
34: 0 , 0 , 0 , 0 , 0 , 0 , 0 , 0.16869565217391305 , 0 , 0 , 0 , 0 , 0 , 0 , 0 , 0 , 0.7486837486837487 , 0.5354725495111556 , 0 , 0 , 0 , 
35: 0 , 0 , 0 , 0 , 0 , 0 , 0 , 0 , 0 , 0 , 0 , 0.673972602739726 , 
36: 0 , 0.3512064343163539 , 0 , 0.8160136286201022 , 0 , 0 , 
37: 0 , 0 , 0 , 0 , 0 , 0 , 0 , 0 , 0 , 0 , 0 , 0.22414281666194388 , 0 , 
38: 0 , 0 , 0.004591368227731864 , 0.4367816091954023 , 0.2893157262905162 , 0 , 0.0015698587127158557 , 0.453551912568306 , 0.49159663865546216 , 0.13402061855670103 , 0.44968332160450386 , 
39: 0 , 0 , 0 , 0.43891402714932126 , 0.8088235294117647 , 0.327909887359199 , 0.5170876671619614 , 0 , 0 , 0 , 0.16812022004561922 , 0.28935185185185186 , 0.34844192634560905 , 0.5151757188498403 , 
40: 0 , 0 , 0.14358974358974358 , 0 , 0 , 0.7425869120654397 , 0 , 0 , 0 , 0 , 0.19536423841059603 , 0.4830148619957537 , 0 , 0.5 , 0 , 0 , 0 , 0 , 0.37777777777777777 , 
41: 0 , 0 , 0.3103448275862069 , 0 , 0.7528089887640449 , 0.6345991561181434 , 0 , 0 , 0 , 0 , 0 , 0 , 0 , 0 , 0 , 0 , 0 , 0 , 0 , 0.4445021902145668 , 0.5895196506550219 , 0.25704225352112675 , 0.5971671388101983 , 
42: 0 , 0 , 0 , 0 , 0 , 0 , 0 , 0 , 0 , 0 , 0 , 0 , 0 , 0 , 0 , 0 , 0 , 0 , 0.7969264544456641 , 0.7554112554112554 , 0.8821100917431193 , 0.7626774847870182 , 0 , 0 , 0 , 0 , 
43: 0 , 0 , 0.4140625 , 0 , 0 , 0 , 0 , 0 , 0 , 0 , 0 , 0 , 0 , 0 , 0.28602811950790863 , 0 , 0 , 0 , 0 , 0 , 0 , 0 , 0.24531835205992508 , 0 , 0.6347752332485157 , 0.6473029045643154 , 0 , 0.004048582995951417 , 0 , 
44: 0 , 0 , 0 , 0 , 0 , 0 , 0 , 0 , 0 , 0.25846153846153846 , 
45: 0 , 0 , 0 , 0 , 0 , 0 , 0 , 0 , 0 , 0 , 0 , 0 , 0 , 0.44981412639405205 , 0.5945730247406225 , 0.8316135084427767 , 0 , 0 , 0.48787878787878786 , 0 , 0 , 0 , 0 , 0 , 0.3776595744680851 , 
46: 0 , 0 , 0 , 0 , 0 , 0 , 0 , 0 , 0.37670540677109654 , 0 , 0 , 0 , 
47: 0 , 0 , 0 , 0 , 0 , 0 , 0 , 0 , 0 , 0 , 0 , 
48: 0 , 0.5380952380952381 , 0.45634095634095634 , 0 , 0 , 0 , 0 , 0 , 0 , 0.1732142857142857 , 0.825531914893617 , 0 , 0 , 0 , 0 , 0.17352941176470588 , 0.27936507936507937 , 0 , 0.13028169014084506 , 
49: 0 , 0 , 0 , 0 , 0 , 0 , 0 , 0 , 0 , 0 , 0 , 0 , 0 , 0.6888970318798094 , 0.13324675324675325 , 
50: 0 , 0 , 0.583710407239819 , 0 , 0 , 0 , 0 , 0 , 0 , 0.1888611210282042 , 0 , 0.05947791607005177 , 0 , 
51: 0 , 0 , 0 , 0 , 0 , 0 , 0 , 0 , 0 , 0 , 0.08645161290322581 , 0.7424483306836248 , 0 , 0 , 0 , 0 , 0 , 0.2585438335809807 , 0.7314540059347181 , 0.6161745827984596 , 0.8488856676934228 , 0 , 
52: 0 , 0 , 0 , 0 , 0 , 0 , 0.3763440860215054 , 0.5013799448022079 , 0 , 0.45368388871904614 , 0.6663524976437323 , 0 , 0 , 0 , 0 , 0 , 0.3948948948948949 , 0 , 0 , 0.06986531986531987 , 0.3864712847838958 , 
53: 0 , 0.4553072625698324 , 0 , 
54: 0 , 0 , 0 , 0 , 0 , 0 , 0 , 0.4430693069306931 , 0 , 0.5261194029850746 , 0 , 0.01907356948228883 , 0 , 
55: 0 , 0 , 0 , 0 , 0 , 0.4181636726546906 , 0 , 0 , 0.5737704918032787 , 0 , 0 , 0 , 0 , 0 , 0.601536772777168 , 0 , 0.07259439707673569 , 0 , 0.02564102564102564 , 
56: 0 , 0 , 0 , 0 , 0 , 0 , 0.6282450674974039 , 0 , 0.8459349593495935 , 0.362116991643454 , 0.7510137875101379 , 0 , 0 , 0.4378609088626663 , 0 , 0 , 0 , 0.5254691689008043 , 0.0027100271002710027 , 0 , 
57: 0 , 0 , 0 , 0 , 0 , 0 , 0 , 0 , 0 , 0.5256257449344458 , 0 , 0 , 0.23488372093023255 , 0.39138755980861245 , 0.8082545141874462 , 0 , 0.03535651149086624 , 0 , 
58: 0 , 0 , 0 , 0 , 0 , 0 , 0 , 0 , 0 , 0 , 0 , 0.48140900195694714 , 0.8592592592592593 , 0 , 0 , 0 , 0 , 0.7875095201827875 , 0 , 0 , 0 , 
59: 0 , 0 , 0 , 0 , 0.07267391679613326 , 0 , 0 , 
60: 0 , 0 , 0 , 0 , 0 , 0 , 0 , 0 , 0 , 0 , 0 , 0 , 0 , 0 , 0 , 0 , 0 , 0 , 0.44145873320537427 , 0.7028919330289193 , 0.694944799535154 , 0.8305389221556886 , 0 , 
61: 0 , 0 , 0 , 0 , 0.2567369654364382 , 0.6820689655172414 , 0.1503448275862069 , 0.1818783068783069 , 
62: 0 , 0 , 0 , 0 , 0 , 0 , 0 , 0 , 0 , 0.21829855537720708 , 0.3568965517241379 , 0.5705175374049546 , 0 , 0 , 0.4527363184079602 , 0 , 0.832603406326034 , 0 , 0 , 0 , 0 , 
63: 0 , 0 , 0.7098445595854922 , 0 , 0 , 0.7838080959520239 , 
64: 0 , 0.5490981963927856 , 0.7243280496209511 , 0.4574944071588367 , 0.0014321912526165032 , 0.5011753643629525 , 0 , 0.5501664289110794 , 0.38659058487874465 , 0 , 0.4309859154929577 , 0.2619047619047619 , 0.6859903381642513 , 0.4179177947329559 , 0.11809045226130653 , 
65: 0 , 0 , 0 , 0 , 0 , 0 , 0 , 0.3630769230769231 , 0 , 0 , 0.48905109489051096 , 0 , 0 , 0.027950310559006212 , 0 , 0 , 0 , 0.48006134969325154 , 0.01016260162601626 , 0.03225806451612903 , 0.07933194154488518 , 0.36425725668753556 , 0.35403726708074534 , 0.06283662477558348 , 0.5356935577481138 , 0 , 0 , 0.03773584905660377 , 0 , 0.16417910447761194 , 0 , 
66: 0 , 0 , 0 , 0 , 0 , 0 , 0 , 0 , 0 , 0 , 0.6266666666666667 , 0 , 0 , 0 , 0.776173285198556 , 0.4405144694533762 , 0 , 0 , 0 , 
67: 0 , 0 , 0 , 0 , 0 , 0 , 0 , 0 , 0 , 0.25096525096525096 , 0.6952455183164459 , 0 , 0 , 0.31190609278926773 , 0.5031847133757962 , 0 , 0 , 0 , 0.35384615384615387 , 
68: 0 , 0.4044265593561368 , 0 , 0 , 0 , 0 , 0 , 0 , 0 , 0 , 0 , 0 , 0 , 0 , 0 , 0 , 0.4074505238649593 , 0.022918773171553757 , 0 , 0 , 
69: 0 , 0.2786377708978328 , 0 , 0 , 0 , 0.24875124875124874 , 0.4548532731376975 , 0 , 0 , 0.0016129032258064516 , 
70: 0 , 0 , 0 , 0 , 0 , 0 , 0 , 0 , 0 , 0 , 0 , 0 , 0.745119305856833 , 0 , 0 , 0 , 0 , 0 , 0.17796610169491525 , 0.5360424749846845 , 0 , 0 , 0 , 0 , 0.0022727272727272726 , 
71: 0 , 0 , 0 , 0 , 0 , 0 , 0 , 0 , 0 , 0.47322142286171065 , 0 , 0 , 0 , 0.05374823196605375 , 0.361349342481418 , 0 , 0 , 0.06741573033707865 , 0.44258872651356995 , 
72: 0 , 0.6378091872791519 , 0 , 0 , 0 , 0 , 0 , 0 , 0 , 0 , 0 , 0 , 0 , 0 , 0.7315753887762001 , 0 , 0.30432801822323463 , 0.23619302949061663 , 0.6333449842712339 , 0 , 0 , 
73: 0 , 0 , 0.516597510373444 , 0.2955665024630542 , 0 , 0.2881844380403458 , 0 , 
74: 0 , 0 , 0.2503987240829346 , 0 , 0 , 0 , 0 , 0.6791907514450867 , 0 , 0.16504605936540429 , 0 , 0 , 0.4794871794871795 , 
75: 0 , 0 , 0 , 0 , 0 , 0 , 0 , 0 , 0 , 0 , 0 , 0 , 0 , 0.4574468085106383 , 
76: 0 , 0 , 0 , 0 , 0 , 0 , 0 , 0 , 0 , 0 , 0 , 0 , 0.7067594433399602 , 0.32335329341317365 , 0.8148487626031164 , 0 , 0 , 0 , 0.35396039603960394 , 0 , 0.1497695852534562 , 0.5359281437125748 , 0.5959821428571429 , 0.5358649789029536 , 0.6940700808625337 , 0.76854714064915 , 0 , 0 , 
77: 0 , 0 , 0 , 0.5137362637362637 , 0 , 0 , 0.29407894736842105 , 0 , 0 , 0.8182857142857143 , 0 , 0 , 0 , 0.25098039215686274 , 0.3100558659217877 , 0 , 0 , 0.6528605482717521 , 0.6296758104738155 , 0 , 0 , 0 , 0.1565217391304348 , 0.6840277777777778 , 0.0001722356183258698 , 
78: 0 , 0 , 0.4982876712328767 , 0 , 0 , 0 , 0 , 0 , 0.17403708987161198 , 0.8041606886657102 , 
79: 0 , 0.6666666666666666 , 0 , 0 , 0 , 0 , 0 , 0.7147519582245431 , 0.7741157556270096 , 0.8273948598130841 , 0.7673956262425448 , 0 , 0 , 0 , 0 , 0.23830409356725146 , 0 , 
80: 0 , 0 , 0 , 0 , 0 , 0 , 0 , 0 , 0 , 0 , 0 , 0 , 0 , 0.4982618771726535 , 0 , 0.5769230769230769 , 0.5979020979020979 , 0 , 0 , 
81: 0 , 0 , 0 , 0 , 0 , 0 , 0 , 0 , 0 , 0 , 0 , 0 , 0 , 
82: 0 , 0 , 0 , 0 , 0 , 0 , 0 , 0.4556485355648536 , 0.8740771123872026 , 0 , 0.11559818273599193 , 0 , 
83: 0 , 0 , 0 , 0 , 0 , 0 , 0 , 0 , 0.1595238095238095 , 0.6931330472103004 , 0.5937785910338518 , 0 , 0 , 0 , 0 , 0 , 0 , 0 , 0 , 0 , 
84: 0 , 0.5793450881612091 , 0 , 0.10774410774410774 , 0 , 0.6716279069767442 , 0.37942122186495175 , 0.7453416149068323 , 0 , 0 , 
85: 0 , 0 , 0 , 0 , 0 , 0 , 0 , 0 , 0 , 0 , 0.48993808049535603 , 0.6890655105973025 , 0 , 0 , 0 , 0 , 0 , 0 , 0 , 0 , 0.1 , 0 , 0 , 0 , 0 , 0 , 0 , 
86: 0 , 0 , 0 , 0 , 0 , 0.365 , 0 , 0 , 0 , 0 , 0 , 0 , 0 , 0 , 0 , 0 , 0 , 0 , 0 , 0 , 0.5979983319432861 , 0.6175742574257426 , 0 , 0 , 0 , 0.029223744292237442 , 0.1649122807017544 , 0.7131147540983607 , 0 , 
87: 0 , 0 , 0 , 0 , 0 , 0 , 0 , 0 , 0 , 0 , 0 , 0 , 0 , 0 , 0.0430622009569378 , 0 , 0.27837837837837837 , 0 , 0 , 0 , 0 , 0.0008628578899202511 , 0.464572680788897 , 0 , 0.3524904214559387 , 0.4065573770491803 , 0 , 0 , 0 , 0 , 0 , 0 , 0.30409356725146197 , 0 , 0 , 0 , 
88: 0 , 0 , 0 , 0 , 0 , 0 , 0 , 0.42276422764227645 , 0 , 0 , 0 , 0 , 0 , 0 , 0.44304635761589406 , 0 , 0 , 0 , 0 , 0.2911317865975739 , 0 , 0 , 0 , 0 , 0.14884979702300405 , 
89: 0 , 0 , 0.7702020202020202 , 0 , 0.6706043956043956 , 0.6188630490956072 , 0 , 0 , 
90: 0 , 0 , 0 , 0 , 0.30612244897959184 , 0 , 0 , 0 , 0 , 0.8072148952676493 , 0 , 0 , 0.14054901960784313 , 0 , 0 , 0.0425531914893617 , 
91: 0 , 0.6155511155511155 , 0.26497695852534564 , 0.3790523690773067 , 0 , 0 , 0 , 0 , 0.36625874125874125 , 0 , 0.38650306748466257 , 0 , 
92: 0 , 0 , 0 , 0 , 0 , 0 , 0 , 0.0539568345323741 , 0 , 0 , 0 , 0 , 0.2555066079295154 , 0.41237113402061853 , 0 , 0 , 0 , 0.00437636761487965 , 0.7462612163509471 , 0 , 0.031578947368421054 , 0.5446478092068774 , 0 , 
93: 0 , 0 , 0 , 0 , 0 , 0 , 0 , 0 , 0 , 0 , 0 , 0 , 0.3648424543946932 , 0.7948717948717948 , 0.4275345352376493 , 0 , 0 , 0.4883268482490272 , 0.6214285714285714 , 
94: 0 , 0 , 0.011695906432748537 , 0 , 0 , 0 , 0 , 0 , 0 , 0 , 0 , 0.3163265306122449 , 0.27101769911504425 , 0.7596277278562259 , 0.8258534714230916 , 0.32142857142857145 , 0.0019945443346141437 , 0.4418604651162791 , 0 , 0 , 0.2631195335276968 , 0 , 
95: 0 , 0 , 0 , 0 , 0.04700854700854701 , 0 , 0 , 0 , 0 , 0 , 0.4325 , 0.3851286939942803 , 0 , 0 , 0 , 0.07547169811320754 , 0.5515151515151515 , 0 , 0.3036611629576454 , 0 , 0 , 0 , 0.6362725450901804 , 0.7899746192893401 , 0.592274678111588 , 0.4097087378640777 , 0 , 0.3722627737226277 , 0 , 
96: 0 , 0 , 0 , 0 , 0 , 0 , 0 , 0 , 0 , 0 , 0 , 0 , 0 , 0 , 0.4259541984732824 , 0.5112903225806451 , 0 , 0.49214659685863876 , 0 , 0 , 0 , 
97: 0 , 0 , 0 , 0 , 0 , 0 , 0 , 0.23796033994334279 , 0.27555555555555555 , 0 , 0.4080157687253614 , 0 , 0 , 0 , 0 , 0 , 0 , 0 , 0 , 0.1693548387096774 , 0 , 0 , 0.04356955380577428 , 0.033597583993959984 , 0.3585030634210962 , 0 , 0 , 0 , 0.416 , 
98: 0 , 0 , 0 , 0 , 0 , 0 , 0 , 0 , 0.4623376623376623 , 0.5852842809364549 , 0.3558091286307054 , 0.8010471204188482 , 0 , 0 , 0 , 
99: 0 , 0 , 0 , 0.6747141041931385 , 0.7231339332980413 , 0.598314606741573 , 0.7142857142857143 , 0 , 0.4858181818181818 , 0.4842604570935748 , 
100: 0 , 0 , 0 , 0 , 0 , 0 , 0 , 0 , 0 , 0 , 0 , 0 , 0 , 0.7969130787977254 , 0 , 0 , 0.5762124711316398 , 0.2571428571428571 , 0.2532051282051282 , 0 , 
101: 0 , 0 , 0 , 0 , 0 , 0 , 0 , 0 , 0.12109375 , 0.7114060963618486 , 0 , 0 , 0 , 0 , 
102: 0 , 0 , 0 , 0 , 0 , 0 , 0 , 0 , 0.7421497584541062 , 0 , 0 , 0 , 0 , 0 , 
103: 0 , 0.5840336134453782 , 0 , 0 , 0.7865947611710323 , 0.5310206804536357 , 0.6185840707964602 , 0 , 0 , 0 , 0 , 0 , 0 , 0 , 0 , 0 , 0 , 0 , 0 , 0 , 0 , 0.5400271370420624 , 0 , 0 , 0 , 0 , 0.8241469816272966 , 0 , 0 , 0 , 0.39619300575475874 , 0 , 0.006230529595015576 , 
104: 0 , 0 , 0 , 0 , 0 , 0.7244074634392335 , 0 , 0 , 0 , 0 , 0 , 
105: 0 , 0 , 0 , 0 , 0 , 0 , 0.3118279569892473 , 0 , 0.48205128205128206 , 0 , 0 , 0 , 0.7430323299888517 , 0.45081967213114754 , 0 , 0 , 0 , 0 , 0 , 
106: 0 , 0 , 0 , 
107: 0 , 0 , 0 , 0 , 0 , 0.7337440109514032 , 0 , 0 , 0 , 0 , 0 , 0 , 0.039473684210526314 , 0 , 0.12572254335260116 , 0.22488553730137356 , 0.5146804835924007 , 
108: 0 , 0.4091710758377425 , 0.5668122270742358 , 0 , 0 , 0 , 0 , 0 , 0 , 0.015473887814313346 , 0.5787172011661808 , 0 , 0 , 0 , 0 , 0 , 0 , 0 , 0 , 0.776878612716763 , 0 , 0 , 0 , 0 , 0 , 0.2579034941763727 , 0.2396694214876033 , 
109: 0 , 0 , 0 , 0 , 0 , 0 , 0 , 0 , 0.3314285714285714 , 0 , 0 , 0 , 0 , 0.6046195652173914 , 0.4358974358974359 , 0 , 0 , 0 , 0 , 0 , 0.5138568129330254 , 0 , 0 , 0.29705882352941176 , 
110: 0 , 0 , 0 , 0 , 0 , 0 , 0 , 0 , 0 , 0 , 0 , 0 , 0 , 0.863671875 , 0.3694029850746269 , 0 , 0.07786620778662078 , 0 , 0 , 0 , 0 , 
111: 0 , 0 , 0 , 0 , 0 , 0 , 0.49772727272727274 , 0 , 0 , 0 , 0 , 0 , 0 , 0 , 0 , 0.6849593495934959 , 0 , 0 , 0 , 0.06928406466512702 , 0 , 
112: 0 , 0 , 0 , 0 , 0 , 0 , 0 , 0 , 0 , 0 , 0 , 0 , 0.6010928961748634 , 0 , 0 , 0 , 0 , 0 , 0.5816203143893591 , 0.33509234828496043 , 0 , 0.6399155227032735 , 0 , 0 , 0 , 0 , 0 , 0 , 0 , 0 , 0 , 0.5678092399403875 , 
113: 0 , 0 , 0 , 0 , 0 , 0 , 0 , 0 , 0.4738372093023256 , 0 , 0 , 0 , 0 , 0 , 0 , 0.6865509761388287 , 0.15930140248743055 , 0 , 0 , 0.36363636363636365 , 
114: 0 , 0 , 0 , 0.3189033189033189 , 0.3524804177545692 , 0.6463952918097107 , 0 , 
115: 0 , 0 , 0 , 0 , 0 , 0 , 0 , 0 , 0.24178814382896016 , 0 , 0 , 0.13859649122807016 , 0 , 0 , 
116: 0 , 0 , 0 , 0 , 0 , 0 , 0 , 0 , 0 , 0 , 0 , 0 , 0.4322860238353196 , 0.5374339857098478 , 0.6430976430976431 , 0.38661710037174724 , 
117: 0 , 0 , 0 , 0.452914798206278 , 0.37250554323725055 , 0 , 0 , 0.6638101516150297 , 0 , 0.26823529411764707 , 
118: 0 , 0 , 0 , 0 , 0 , 0 , 0 , 0 , 0 , 0 , 0 , 0 , 0 , 0 , 0 , 0 , 0.7863792258696717 , 0.6235667909932311 , 
119: 0 , 0.5325884543761639 , 0.2522026431718062 , 0.6074074074074074 , 0 , 0 , 0.7011764705882353 , 0 , 0.3630252100840336 , 0.6173044925124792 , 0 , 0 , 0 , 0.7156862745098039 , 
120: 0 , 0 , 0 , 0 , 0 , 0 , 0 , 0 , 0 , 0 , 0 , 0.551627159501808 , 0.7073422957600828 , 0 , 
121: 0 , 0 , 0 , 0 , 0 , 0 , 0.30434782608695654 , 0.452991452991453 , 0 , 0 , 0 , 0 , 0 , 0 , 0 , 0 , 0 , 
122: 0 , 0 , 0 , 0 , 0 , 0 , 0 , 0 , 0 , 0.5477430555555556 , 0.4513715710723192 , 0 , 0 , 0 , 0 , 0.7065820777160984 , 0 , 0 , 0 , 0.36329588014981273 , 0 , 0 , 
123: 0 , 0 , 0 , 0.48923076923076925 , 0.8215181932245922 , 0.6649616368286445 , 0 , 
124: 0 , 0 , 0.44275491949910556 , 0.002183406113537118 , 0.546236559139785 , 0.2906367041198502 , 0 , 0 , 0.5670867309117865 , 
125: 0 , 0 , 0 , 0 , 0.5958549222797928 , 0 , 0.6369958275382476 , 0.5445544554455446 , 0 , 0 , 0 , 0 , 0 , 0.4770676691729323 , 0 , 0.34199726402188785 , 
126: 0 , 0 , 0 , 0 , 0 , 0 , 0 , 0.3853503184713376 , 0 , 0 , 0 , 0.4266263237518911 , 0 , 0 , 0.0021680876979293545 , 0.45077720207253885 , 0 , 0 , 0.5513392857142857 , 0 , 0.37719298245614036 , 0 , 0.6338582677165354 , 0 , 0 , 0.03888888888888889 , 
127: 0 , 0 , 0 , 0 , 0 , 0 , 0 , 0 , 0.13402061855670103 , 0 , 0.4106951871657754 , 0.6122047244094488 , 0 , 0 , 0 , 0 , 0 , 0 , 0 , 0 , 0 , 0 , 0.4307210031347962 , 0 , 0 , 0 , 0.19095477386934673 , 0.41733430444282593 , 0.30309072781655033 , 0.5509518477043673 , 
128: 0 , 0.48 , 0 , 0 , 0 , 0 , 0 , 0 , 0.18975332068311196 , 0 , 0 , 0 , 0.7087845968712395 , 0.2602739726027397 , 0.6475793857365956 , 0.7849073655671035 , 0.8029472241261137 , 0.20996860282574567 , 
129: 0 , 0 , 0 , 0 , 0 , 0 , 0 , 0 , 0 , 0 , 0.38353765323992994 , 0.5408052230685527 , 0 , 0 , 0 , 0.7514188422247446 , 0 , 0 , 0 , 0 , 0.2356020942408377 , 0.5268817204301075 , 
130: 0 , 0 , 0 , 0 , 0.3515981735159817 , 0 , 0 , 0 , 0 , 0 , 0 , 0 , 0 , 0 , 0 , 0 , 0 , 0 , 0 , 0.5322304620650313 , 0 , 0 , 0 , 0 , 0 , 0 , 0 , 
131: 0 , 0 , 0 , 0 , 0 , 0 , 0 , 0.5525615435795076 , 0 , 0 , 0 , 0 , 0 , 0 , 0.36257309941520466 , 0.19801980198019803 , 0.06215578284815106 , 0.020626432391138275 , 0.70465872156013 , 0 , 0 , 0 , 0 , 
132: 0 , 0 , 0 , 0 , 0 , 0.06912442396313365 , 0 , 0 , 0 , 0 , 0 , 0 , 0 , 0 , 0 , 0 , 0 , 0 , 0 , 0 , 0 , 0 , 0.3283582089552239 , 0.5222088835534213 , 0 , 0.32248372558838256 , 
133: 0 , 0 , 0 , 0 , 0 , 0 , 0 , 0 , 0.30638297872340425 , 0.5609756097560976 , 0.7695749440715883 , 0 , 0 , 
134: 0 , 0 , 0 , 0 , 0 , 0 , 0 , 0 , 0 , 0.1870026525198939 , 0 , 0 , 0.5863453815261044 , 0.10314136125654451 , 0.6093594424161964 , 0 , 0 , 
135: 0 , 0 , 0 , 0 , 0 , 0 , 0 , 0 , 0 , 0.48257372654155495 , 0 , 0 , 0 , 0 , 0 , 0.14035087719298245 , 0 , 
136: 0 , 0 , 0 , 0.6259418729817008 , 0.4839650145772595 , 0 , 0.25922658432583445 , 0 , 
137: 0 , 0.6127167630057804 , 0 , 0 , 0 , 0 , 0 , 0 , 0 , 0 , 0 , 0 , 0 , 0 , 0 , 0 , 0 , 0 , 0 , 0.2627551020408163 , 0.5001812250815513 , 0 , 0 , 0.37717818999437885 , 0.7491201608848668 , 0.0051813471502590676 , 0 , 0.2688888888888889 , 0 , 0.26506024096385544 , 
138: 0 , 0.13089005235602094 , 0 , 0 , 0 , 0 , 0 , 0 , 0 , 0 , 0 , 0 , 0 , 0 , 0.18105263157894738 , 0 , 0.43621810905452724 , 0.03775241439859526 , 0 , 0 , 0 , 0.35913978494623655 , 0 , 0 , 
139: 0 , 0 , 0 , 0 , 0 , 0 , 0 , 0 , 0 , 0 , 0.6602457655264032 , 0 , 0 , 0 , 0 , 0 , 0 , 0 , 0.6741778319123021 , 0.8003663003663004 , 0 , 0 , 0 , 0.36666666666666664 , 
140: 0 , 0 , 0 , 0 , 0 , 0.0018050541516245488 , 0.7838196286472149 , 0.08214849921011058 , 0.22660098522167488 , 0 , 0.45126353790613716 , 0.4090909090909091 , 0 , 0 , 0 , 
141: 0 , 0 , 0.02962962962962963 , 0 , 0 , 0 , 0.4362068965517241 , 0 , 0 , 0 , 0 , 0 , 0 , 0 , 
142: 0 , 0.5852017937219731 , 0 , 0 , 0 , 0 , 0 , 0.19021739130434784 , 0 , 0.6333068572941488 , 0 , 0 , 0 , 0 , 0 , 0 , 
143: 0 , 0 , 0 , 0 , 0 , 0 , 0 , 0 , 0 , 0 , 0 , 0 , 0 , 0.6084396467124632 , 0 , 0 , 0 , 
144: 0 , 0 , 0 , 0 , 0.4701670644391408 , 0 , 0.5304964539007092 , 0.7265720081135902 , 0 , 0 , 0 , 
145: 0 , 0 , 0 , 0 , 0 , 0 , 0 , 0 , 0 , 0.23401688781664656 , 0 , 0 , 
146: 0 , 0 , 0 , 0.24864864864864866 , 0 , 0 , 0 , 0 , 0 , 0 , 0 , 0 , 0 , 0 , 0 , 0 , 0 , 0 , 0 , 0 , 0 , 0 , 
147: 0 , 0 , 0 , 0 , 0.05813953488372093 , 0 , 0.6547122602168474 , 0 , 0 , 0 , 0 , 0.46328852119958636 , 0.8935185185185185 , 0.040098655422070174 , 0.01078167115902965 , 0 , 0.48 , 0.5724137931034483 , 0.3793590951932139 , 0.24216524216524216 , 
148: 0 , 0 , 0 , 0 , 0 , 0 , 0 , 0.3977272727272727 , 0 , 0.038314176245210725 , 0 , 0 , 0.008894536213468869 , 0 , 0.17270682329417644 , 0.0002991325157044571 , 0.0019646365422396855 , 0.032640949554896145 , 0 , 0.3939393939393939 , 
149: 0 , 0 , 0 , 0 , 0 , 0 , 0 , 0 , 0 , 0 , 0 , 0.6892086330935252 , 0.203125 , 0.7217348927875243 , 0 , 0 , 0 , 
150: 0 , 0 , 0 , 0 , 0 , 0 , 0 , 0 , 0 , 0 , 0 , 0 , 0 , 0 , 0.061224489795918366 , 0.61400512382579 , 0.29692832764505117 , 0.193359375 , 0 , 0 , 
151: 0 , 0 , 0 , 0 , 0 , 0 , 0.46904315196998125 , 0 , 0 , 0 , 0 , 0 , 0 , 0 , 0 , 0 , 0 , 0 , 0 , 0 , 0 , 0 , 0 , 0 , 0.39490445859872614 , 0 , 
152: 0 , 0 , 0 , 0 , 0 , 0 , 0 , 0 , 0 , 0 , 0 , 0.13034188034188035 , 0 , 0.6028708133971292 , 0 , 0.8264963012777404 , 0 , 0 , 
153: 0 , 0 , 0.19314641744548286 , 0.8346774193548387 , 0 , 0.10119047619047619 , 0 , 0 , 0 , 0.31596638655462184 , 0 , 0 , 0 , 0.6880290205562273 , 0.18355855855855857 , 0 , 0.13115284974093264 , 0.02680965147453083 , 0.5542168674698795 , 0.8921933085501859 , 
154: 0 , 0 , 0 , 0 , 0 , 0 , 0 , 0 , 0 , 0 , 0 , 0 , 0 , 0 , 0 , 0.4979811574697174 , 0 , 0 , 0.14783347493627869 , 0 , 
155: 0 , 0.30919765166340507 , 0.43147208121827413 , 0 , 0.644120707596254 , 
156: 0 , 0.004559270516717325 , 0.4647887323943662 , 0 , 0 , 0.5536750483558994 , 0 , 0 , 0 , 0 , 0 , 0 , 0 , 0 , 0 , 0 , 0.47280334728033474 , 0 , 0 , 0 , 0 , 0.6845483723062815 , 0 , 0 , 0.27155172413793105 , 
157: 0 , 0 , 0 , 0 , 0 , 0 , 0 , 0 , 0 , 0 , 0 , 0 , 0.007493188010899182 , 0 , 0 , 0 , 0 , 0 , 0.4367816091954023 , 0.5893300248138957 , 0 , 0.4748201438848921 , 0 , 0.6579925650557621 , 0 , 0 , 0 , 0 , 0 , 0.001065158304561816 , 0 , 0.0057306590257879654 , 0.5478147987884033 , 0 , 
158: 0 , 0 , 0 , 0.5102702702702703 , 0 , 
159: 0 , 0 , 0 , 0 , 0 , 0 , 0 , 0.535195530726257 , 0 , 0.6820609487904492 , 0 , 0 , 0 , 0 , 0 , 0 , 0.805111821086262 , 0.16136363636363638 , 
160: 0 , 0 , 0 , 0.4326241134751773 , 0 , 0 , 0 , 0.47687456201822004 , 0 , 0 , 0 , 0 , 0.0004411116012351125 , 0 , 0 , 0 , 0 , 0 , 0 , 0.28724894908921067 , 
161: 0 , 0 , 0.7607085346215781 , 
162: 0 , 0 , 0 , 0 , 0 , 0 , 0 , 0 , 0 , 0 , 0 , 0 , 0 , 
163: 0 , 0 , 0 , 0.03875968992248062 , 0 , 0 , 0 , 0 , 0 , 0 , 0.8371673432566531 , 0.5956416464891041 , 0.6354679802955665 , 0 , 
164: 0 , 0.2046783625730994 , 0.06550868486352357 , 0.00013831258644536652 , 0.037953236191121655 , 0.3808925204274041 , 0.05209155485398579 , 0.48008849557522126 , 0.6991150442477876 , 0.6668454935622318 , 0 , 0 , 
165: 0 , 0.5628415300546448 , 0 , 0 , 0.3813559322033898 , 0.42857142857142855 , 
166: 0 , 0 , 0 , 0 , 0 , 0 , 0 , 0 , 0 , 0.275 , 0.44426318651441 , 0.12192723697148476 , 0 , 0 , 0 , 0 , 0 , 0 , 0 , 0.5777003484320558 , 0.5952143569292123 , 0 , 
167: 0 , 0.26099706744868034 , 0 , 0 , 0 , 0 , 0 , 0 , 0 , 0 , 0 , 0 , 0 , 0.010344827586206896 , 0.6508313539192399 , 0.2952552282437598 , 0.37376237623762376 , 0.03920090463626084 , 0.4375 , 0.4783492579792641 , 0 , 0 , 0 , 
168: 0 , 0 , 0 , 0 , 0 , 0 , 0 , 0 , 0 , 0 , 0 , 0 , 0 , 0 , 0.32 , 0 , 0 , 7.77041027766266e-05 , 0.48328502415458935 , 0 , 0 , 0 , 0 , 0 , 0 , 
169: 0 , 0 , 0 , 0 , 0.08468834688346884 , 0 , 0 , 0.6180293501048219 , 0.38582920792079206 , 0 , 0.621438263229308 , 0.2838145896656535 , 
170: 0 , 0 , 0 , 0 , 0 , 0 , 0 , 0.5244371224601867 , 0.11436541143654114 , 0.5752066115702479 , 0 , 0.5681282413955682 , 0.27106466361855 , 0 , 0 , 0 , 
171: 0 , 0 , 0 , 0.2912280701754386 , 0 , 0 , 0 , 0 , 0 , 0 , 0 , 0 , 0.23219373219373218 , 0.6354733405875952 , 0.8114406779661016 , 0 , 0 , 0 , 0 , 0 , 0.6981132075471698 , 0 , 
172: 0 , 0 , 0 , 0.7164179104477612 , 0.7497789566755084 , 0 , 0.20758928571428573 , 0 , 0.45517241379310347 , 
173: 0 , 0 , 0 , 0 , 0 , 0 , 0.45302013422818793 , 0 , 0.6536502546689303 , 0.7737195633921075 , 0.5398230088495575 , 0 , 0 , 
174: 0 , 0 , 0 , 0 , 0.3354632587859425 , 0 , 0 , 0 , 0 , 
175: 0 , 0 , 0 , 0 , 0.21194029850746268 , 0 , 0 , 0 , 0 , 0 , 0.2721238938053097 , 0.7342137845645893 , 0 , 0 , 0 , 0 , 0 , 0 , 0.40206669798027245 , 
176: 0 , 0 , 0 , 0 , 0 , 0 , 0 , 0 , 0.01606425702811245 , 0.5323910482921084 , 
177: 0 , 0 , 0 , 0 , 0.5877192982456141 , 0 , 0 , 0 , 0 , 0 , 0 , 0 , 0 , 0 , 0 , 0 , 0 , 0 , 0 , 0 , 0.1722488038277512 , 0 , 0.5863708399366085 , 0 , 0 , 0 , 0 , 0 , 0 , 0 , 0 , 0 , 0 , 0 , 0 , 0 , 0 , 0 , 0 , 
178: 0 , 0 , 0 , 0.4278688524590164 , 0 , 0.27460510328068044 , 0.03547671840354767 , 0 , 0 , 0.37624584717607973 , 0.43809566624707785 , 0 , 0 , 0.5575679172056921 , 0.4316109422492401 , 
179: 0 , 0 , 0 , 0 , 0 , 0 , 0.3277310924369748 , 0 , 0 , 0.2824742268041237 , 0 , 0 , 0 , 0 , 0 , 0 , 0.07575757575757576 , 0 , 0.49507072438919847 , 0 , 
180: 0 , 0 , 0 , 0 , 0 , 0.5695335900727428 , 0.6335583413693346 , 0.5061728395061729 , 0.41284403669724773 , 
181: 0 , 0.2229965156794425 , 0.7431457431457431 , 0 , 0 , 0 , 0 , 0 , 0 , 0 , 0.442495126705653 , 0 , 
182: 0 , 0 , 0 , 0 , 0 , 0 , 0 , 0 , 0 , 0 , 0 , 0 , 0 , 0 , 0 , 0 , 0 , 0.23696682464454977 , 0.3872053872053872 , 0.8573991031390135 , 0.3073394495412844 , 0 , 0 , 
183: 0 , 0 , 0 , 0.5157142857142857 , 0 , 0.6227390180878553 , 0 , 0 , 0 , 0 , 0 , 0 , 0.0034602076124567475 , 0 , 0.5885350318471337 , 0.5441767068273092 , 0 , 0 , 0 , 0.13398692810457516 , 
184: 0 , 0 , 0 , 0 , 0 , 0 , 0 , 0 , 0 , 0 , 0 , 0 , 0 , 0 , 0 , 0 , 0 , 0 , 0 , 0 , 0 , 0 , 0.8308505526189333 , 0 , 0.472168905950096 , 0 , 0.655006558810669 , 0 , 0 , 0 , 
185: 0 , 0 , 0 , 0.5431128574547042 , 0 , 0 , 0 , 0 , 0 , 0 , 0.006042296072507553 , 0 , 0 , 
186: 0 , 0 , 0 , 0 , 0.25909276665304454 , 0.5530035335689046 , 0 , 0 , 0.5494252873563218 , 0 , 0 , 0 , 0.1963963963963964 , 0.16666666666666666 , 0 , 0 , 0.625544267053701 , 0.536 , 0.4802158273381295 , 
187: 0 , 0.17298578199052134 , 0 , 0 , 0 , 0 , 0 , 0 , 0 , 0 , 0 , 0 , 0 , 0 , 0 , 0 , 0 , 0 , 0.09038901601830664 , 0.3020833333333333 , 0 , 0 , 0 , 0 , 0 , 0 , 0 , 0 , 0.6057624736472241 , 0 , 0.2708688245315162 , 0.5361111111111111 , 0 , 0.6617999564175202 , 
188: 0 , 0 , 0 , 0 , 0 , 0 , 0 , 0 , 0 , 0 , 0 , 0 , 0.29777777777777775 , 0.3700787401574803 , 0.8200734394124847 , 0.7258741258741259 , 0.8436278342455042 , 0 , 0 , 0 , 
189: 0 , 0.4486730095142714 , 0 , 0.7164973391388486 , 
190: 0 , 0.5752688172043011 , 0.4488854727132975 , 0.11866125760649088 , 0 , 0.4198931909212283 , 0 , 0 , 0 , 0 , 0 , 0 , 0 , 0 , 0 , 0 , 0 , 0 , 0 , 0 , 0 , 0 , 0 , 0 , 0 , 0 , 0.48532836516068933 , 
191: 0 , 0 , 0 , 0 , 0 , 0 , 0 , 0 , 0 , 0 , 0 , 0 , 0 , 0 , 0 , 0.770197486535009 , 0.829004329004329 , 0 , 0.1605316973415133 , 0.06863905325443787 , 0 , 0.5142428785607196 , 
192: 0 , 0 , 0 , 0 , 0 , 0 , 0 , 0 , 0 , 0 , 0 , 0 , 0 , 0 , 
193: 0 , 0.10675381263616558 , 0.5802687411598303 , 0.6881680796166605 , 0.5248532965136348 , 
194: 0 , 0 , 0.031746031746031744 , 0 , 0 , 0.20833333333333334 , 0.3605150214592275 , 0.32941176470588235 , 0 , 0 , 0 , 0 , 0.8363901018922854 , 0 , 0 , 0 , 0.12650602409638553 , 
195: 0 , 0 , 0.4970705725699068 , 0 , 0.38095238095238093 , 0 , 0.7854356306892067 , 0.8240819812126388 , 
196: 0 , 0 , 0 , 0 , 0 , 0 , 0 , 0 , 0 , 0 , 0 , 0 , 0 , 0 , 0 , 0 , 0.14516129032258066 , 0 , 0 , 0.3855421686746988 , 0 , 0.8384582070160242 , 0 , 0 , 0 , 0 , 0 , 0.3568627450980392 , 0 , 
197: 0 , 0 , 0 , 0 , 0 , 0 , 0 , 0 , 0 , 0 , 0 , 0 , 0 , 0.6508620689655172 , 0.015706806282722512 , 0.30337078651685395 , 0 , 
198: 0 , 0 , 0.0014705882352941176 , 0 , 0.03936411809235428 , 0 , 0.4157110091743119 , 0.4765247915752523 , 0 , 0 , 0 , 0.35265570234564575 , 
199: 0 , 0 , 0 , 0 , 0 , 0 , 0 , 0 , 
200: 0 , 0 , 0 , 0 , 0 , 0 , 0 , 0.34710743801652894 , 0 , 0.3659491193737769 , 0 , 0 , 0 , 0 , 0 , 0 , 0 , 0.7412260177819373 , 0.6947440506762541 , 0 , 
201: 0 , 0 , 0 , 0 , 0 , 0 , 0 , 0 , 0 , 0 , 0.016853932584269662 , 0 , 0 , 0 , 0 , 0.2884927066450567 , 0.24436090225563908 , 0.32679738562091504 , 0.44866920152091255 , 0.24778761061946902 , 0.07307171853856563 , 0.5021021021021022 , 0 , 
202: 0 , 0 , 0 , 0 , 0 , 0 , 0.39577187807276304 , 0.12183908045977011 , 0 , 0.057692307692307696 , 0.6085686465433301 , 0 , 0 , 0 , 0 , 0 , 0 , 0 , 0 , 0.381294964028777 , 0 , 0 , 0 , 0 , 0 , 0.012461059190031152 , 0 , 0 , 0 , 
203: 0 , 0 , 0 , 0 , 0.16842105263157894 , 0 , 0.007246376811594203 , 0.2465753424657534 , 0 , 0.24803149606299213 , 0 , 0.32662192393736017 , 0.32948421862971516 , 0.13214990138067062 , 0 , 0 , 0.0117096018735363 , 0 , 0 , 0 , 0 , 0.3360897814530419 , 
204: 0 , 0 , 0 , 0 , 0.20419896640826873 , 0.11843393148450244 , 
205: 0 , 0.3087885985748218 , 0.46601941747572817 , 0 , 0 , 0 , 0.47285886610373945 , 0.2922201138519924 , 0 , 0.04156479217603912 , 0 , 0 , 
206: 0 , 0 , 0 , 0 , 0.46367239101717306 , 0 , 0 , 0 , 0 , 0 , 0 , 0 , 0 , 0 , 0 , 0 , 0.39658119658119656 , 0 , 0.5650557620817844 , 0.09877800407331976 , 0.4917898193760263 , 0 , 0 , 0 , 0 , 0 , 0.6304347826086957 , 0 , 0 , 0 , 
207: 0 , 0 , 0 , 0 , 0 , 0 , 0 , 0.3385416666666667 , 0 , 0 , 0.003227293683725219 , 0.4582701062215478 , 0.025630072618539085 , 0.28232189973614774 , 0.0595 , 0.34530360073366156 , 0 , 0 , 0 , 0.4103194103194103 , 0.717948717948718 , 0 , 
208: 0 , 0.5559980089596814 , 0.7294117647058823 , 0.6668918918918919 , 0.8290173212142 , 0.00074757039621231 , 0 , 0.6575342465753424 , 
209: 0 , 0 , 0 , 0 , 0 , 0 , 0 , 0 , 0 , 0 , 0 , 0.598159509202454 , 0 , 0 , 0.013574660633484163 , 0 , 0 , 0 , 0.6691480562448304 , 0 , 
210: 0 , 0 , 0 , 0 , 0 , 0 , 0 , 0 , 0 , 0 , 0 , 0 , 0 , 0 , 0 , 0 , 0 , 0.5121495327102804 , 0.5611285266457681 , 0 , 0.6482440990213011 , 0 , 0.5407846457804121 , 
211: 0 , 0 , 0 , 0 , 0 , 0 , 0.0025575447570332483 , 0 , 0 , 0 , 0 , 0 , 0 , 0.20029027576197386 , 0.5213178294573644 , 0.7663668165917041 , 0 , 0.14263920671243327 , 0 , 0 , 0 , 
212: 0 , 0 , 0 , 0.6153846153846154 , 0.5022421524663677 , 0 , 0 , 0 , 0 , 0 , 0 , 0 , 0 , 0 , 0 , 
213: 0 , 0 , 0 , 0.34146341463414637 , 0 , 0 , 0 , 0.48369132856006364 , 0 , 0 , 0 , 0 , 
214: 0 , 0.27350427350427353 , 0.15889992360580596 , 0.00922266139657444 , 0.17964071856287425 , 0 , 0 , 0 , 0.2549800796812749 , 0.029543754674644727 , 0 , 0.23207192138825006 , 0.002288329519450801 , 0.5643693107932379 , 0.16321243523316062 , 0 , 
215: 0 , 0 , 0 , 0 , 0 , 0 , 0 , 0 , 0 , 0 , 0 , 0 , 0.3191632280971116 , 0 , 0 , 0 , 0 , 0 , 0.20449438202247192 , 0 , 0 , 
216: 0 , 0 , 0 , 0 , 0 , 0 , 0.002430133657351154 , 0.3528918692372171 , 0 , 0 , 0 , 0 , 0 , 0 , 0 , 0 , 0 , 0 , 0 , 0 , 0.703436033979967 , 0.7311072056239016 , 
217: 0 , 0 , 0 , 0 , 0 , 0 , 0 , 0 , 0 , 0 , 0 , 0 , 0 , 0 , 0 , 0 , 0 , 0 , 0 , 0 , 0 , 0 , 0 , 0 , 0.5133793103448275 , 0.7689393939393939 , 0 , 0 , 0 , 0 , 0 , 0 , 0 , 0.0266497461928934 , 0.42415316642120765 , 0.7694566813509545 , 0 , 
218: 0 , 0 , 0 , 0 , 0 , 0 , 0 , 0 , 0.7716460513796385 , 0.3064516129032258 , 0 , 0 , 0 , 0 , 0.5296052631578947 , 0 , 0 , 
219: 0 , 0.0022624434389140274 , 0.24846514987360058 , 0 , 0.012519561815336464 , 0.006523157208088715 , 0.0028835063437139563 , 0.30714916151809357 , 
220: 0 , 0.4171597633136095 , 0 , 0 , 0.3694646397884997 , 0 , 0 , 0 , 0 , 0.7861975642760487 , 0.8110129163834127 , 0 , 0.4326241134751773 , 
221: 0 , 0 , 0 , 0.40615384615384614 , 0 , 0 , 0 , 0 , 0 , 0 , 0 , 0 , 0 , 0 , 0 , 0 , 0 , 0 , 0 , 
222: 0 , 0 , 0 , 0 , 0 , 0 , 0 , 0.05922551252847381 , 0.4347507331378299 , 0.7815587266739846 , 0.007919366450683946 , 
223: 0 , 0 , 0 , 0 , 0 , 0 , 
224: 0 , 0 , 0 , 0 , 0 , 0 , 0 , 0 , 0 , 0.39661016949152544 , 0.7937002422983731 , 0.7466487935656837 , 0 , 0 , 0 , 0 , 0 , 0 , 
225: 0 , 0 , 0 , 0 , 0 , 0 , 0 , 0.4647058823529412 , 0.5384331116038433 , 0.059186189889025895 , 0.33727810650887574 , 0.35847382431233366 , 
226: 0 , 0 , 0 , 0.007352941176470588 , 0.20948012232415902 , 0.45229681978798586 , 0 , 0 , 0 , 0 , 0 , 0 , 0 , 0.4846743295019157 , 
227: 0 , 0 , 0 , 0 , 0 , 0 , 0 , 0.08739626556016597 , 
228: 0 , 0.3284671532846715 , 0.8806022408963585 , 0.39648173207036536 , 0.7186081694402421 , 0 , 0 , 0 , 
229: 0 , 0 , 0 , 0 , 0 , 0 , 0 , 0 , 0 , 0 , 0 , 0 , 0 , 0 , 0.31039136302294196 , 0 , 
230: 0 , 0 , 0.3094170403587444 , 0 , 0 , 0 , 0 , 0 , 0.5274151436031331 , 0.6536458333333334 , 0 , 0.6481246602645406 , 0.5373134328358209 , 0 , 0 , 0 , 
231: 0 , 0 , 0 , 0 , 0 , 0 , 0 , 0 , 0 , 0.3210161662817552 , 0 , 0.007633587786259542 , 0.43433261955745894 , 0 , 0.01048951048951049 , 0.5523385300668151 , 0.35276967930029157 , 0.5199168687218566 , 0.12990196078431374 , 0.2113022113022113 , 0.37681159420289856 , 0 , 0 , 0 , 0 , 0 , 0 , 0 , 0 , 0 , 0 , 0 , 
232: 0 , 0 , 0 , 0.31746031746031744 , 0 , 0 , 0.35213032581453635 , 0 , 0 , 0 , 
233: 0 , 0.553763440860215 , 0.15204678362573099 , 0 , 0.6684303350970018 , 0.7600799733422192 , 0.6680216802168022 , 0 , 0 , 0 , 0 , 0.10405405405405406 , 0.17777777777777778 , 0.1424988242671265 , 0 , 
234: 0 , 0.31596091205211724 , 0.519650655021834 , 0 , 0.24242424242424243 , 0 , 0 , 0.6565656565656566 , 0.008064516129032258 , 0.3415841584158416 , 0 , 0.35646687697160884 , 0 , 0 , 0.02197802197802198 , 0.00196078431372549 , 0 , 0.23469387755102042 , 0 , 0.40373831775700936 , 0.2752442996742671 , 0 , 0.13877551020408163 , 
235: 0 , 0.35152487961476725 , 0.41403508771929826 , 0 , 0 , 0 , 0.30620985010706636 , 0 , 0 , 0.6424460431654676 , 
236: 0 , 0 , 0.3231871083258729 , 0.0288659793814433 , 0.6046234914159443 , 0.23555166374781086 , 0.867758568395511 , 
237: 0 , 0 , 0 , 0 , 0.6214285714285714 , 0 , 0 , 0 , 0 , 0 , 0 , 0.00558659217877095 , 0 , 0 , 0 , 0 , 0.14558472553699284 , 0.6595330739299611 , 0.8160919540229885 , 0 , 0 , 0.615953947368421 , 0.701120797011208 , 0 , 0.04054738976178408 , 
238: 0 , 0 , 0.3418803418803419 , 
239: 0 , 0 , 0 , 0 , 0 , 0.07867132867132867 , 0 , 0 , 0.24012139229530535 , 0 , 0 , 0 , 0.19114219114219114 , 0.6697530864197531 , 0 , 
240: 0 , 0 , 0.795369211514393 , 0 , 0 , 0 , 0.020026702269692925 , 0.14814814814814814 , 0 , 0 , 0.2504317789291883 , 0.3855042016806723 , 0 , 0 , 0 , 0 , 0 , 0 , 0.5897142857142857 , 0 , 0 , 0 , 0 , 0 , 0.4193290734824281 , 0.02959772748098598 , 
241: 0 , 0 , 0 , 0 , 0 , 0.5388888888888889 , 0.7665474060822898 , 0 , 0 , 0 , 0 , 
242: 0 , 0 , 0.4592496765847348 , 0 , 0 , 0 , 0 , 0.6660550458715596 , 0 , 0 , 0.31100478468899523 , 0.7778716216216216 , 0.6979823455233292 , 0.7192803801765105 , 0.8102803738317756 , 0 , 0.31894659839063644 , 0 , 
243: 0 , 0 , 0.01107011070110701 , 0 , 0 , 0 , 0 , 0 , 0 , 0.18518518518518517 , 0.7201413427561838 , 0 , 0 , 0 , 0 , 0.8391608391608392 , 
244: 0 , 0 , 0 , 0 , 0 , 0 , 0 , 0.24008350730688935 , 0.284862043251305 , 0.1147011308562197 , 0.1 , 0.4068700029612082 , 0.3357664233576642 , 
245: 0 , 0 , 0 , 0 , 0 , 0 , 0 , 0 , 0 , 0 , 0 , 0 , 0 , 0 , 0 , 0.8266351457840819 , 0.4980694980694981 , 0 , 0 , 0 , 0 , 0 , 
246: 0 , 0 , 0 , 0 , 0 , 0 , 0 , 0 , 0 , 0.12142857142857143 , 0 , 0 , 0.1598245064243184 , 0 , 0 , 0 , 0 , 0 , 0.4300219538968167 , 
247: 0 , 0 , 0 , 0 , 0 , 0 , 0 , 0 , 0 , 0 , 0.044673539518900345 , 0 , 0 , 0 , 0 , 0 , 0.0004464285714285714 , 0 , 0 , 0 , 0 , 0 , 0 , 0 , 0 , 0 , 0 , 0 , 0 , 0 , 0 , 0 , 0 , 0 , 0.10941475826972011 , 0 , 0.06507371631926792 , 0 , 
248: 0 , 0 , 0.27717391304347827 , 0 , 0 , 0 , 0 , 0.18292682926829268 , 0.4322033898305085 , 0.810970464135021 , 0.803030303030303 , 0 , 0 , 0 , 0 , 0 , 0.49739854318418314 , 0 , 0.5905834186284544 , 0.16371681415929204 , 0.6361556064073226 , 0.8978557504873295 , 0 , 
249: 0 , 0.6964735516372796 , 0 , 0 , 0 , 0 , 0 , 0 , 0.15503875968992248 , 
250: 0 , 0 , 0 , 0 , 0 , 0 , 0.29896907216494845 , 0.25203252032520324 , 0 , 0.6735294117647059 , 0 , 0 , 0 , 0 , 0.19652244237767894 , 0.5060975609756098 , 0 , 0 , 0 , 0 , 0.6511904761904762 , 0 , 0.6186186186186187 , 0 , 0 , 0 , 0 , 0 , 0 , 0 , 0 , 0 , 0.38405797101449274 , 
251: 0 , 0 , 0 , 0 , 0 , 0 , 0 , 0 , 0 , 0 , 0.7171628721541156 , 0 , 0.26873776037030445 , 0 , 
252: 0 , 0 , 0 , 0 , 0 , 0 , 0 , 0 , 0 , 0.29923809523809525 , 0.7242647058823529 , 0.5411255411255411 , 0.5765527202696197 , 0 , 0 , 0.3251121076233184 , 0.7296137339055794 , 0 , 0 , 0 , 
253: 0 , 0 , 0 , 0 , 0.1059016692511174 , 0.5437352245862884 , 
254: 0 , 0 , 0.31494252873563217 , 0 , 0 , 0.29896907216494845 , 0 , 0 , 0 , 0 , 0 , 0 , 0 , 0 , 0 , 0 , 0.8237557721908672 , 0 , 0 , 0 , 0 , 0 , 0 , 0 , 0 , 0 , 0 , 0 , 0 , 0 , 0 , 0 , 0 , 0.5505857294994675 , 
255: 0 , 0 , 0 , 0 , 0 , 0 , 0.6549570647931303 , 0 , 0.23019634394041977 , 0 , 0 , 0.38071065989847713 , 0 , 0 , 0.33867276887871856 , 
256: 0 , 0 , 0 , 0 , 0 , 0 , 0 , 0 , 0 , 0 , 0 , 0 , 0 , 0 , 0 , 0 , 0 , 0 , 0 , 0 , 0.5133495145631068 , 0.6590296495956873 , 0 , 
257: 0 , 0 , 0 , 0 , 0 , 0 , 0.1644100580270793 , 0 , 0 , 
258: 0 , 0 , 0 , 0 , 0.2853107344632768 , 0 , 0 , 0.4600760456273764 , 0 , 0 , 0 , 0 , 0 , 0 , 0 , 0 , 0 , 0 , 0 , 0 , 0 , 0 , 0 , 0.528023598820059 , 0 , 0 , 0.7731239092495636 , 
259: 0 , 0 , 0.5343283582089552 , 0 , 0 , 0 , 0.14545454545454545 , 0 , 0 , 0.4916827852998066 , 0.7782646801051709 , 0 , 0 , 0.4504032828640159 , 
260: 0 , 0 , 0 , 0 , 0 , 0 , 0 , 0.7472089314194578 , 0 , 
261: 0 , 0 , 0.32273449920508746 , 0.7900703674745895 , 
262: 0 , 0 , 0 , 0.3 , 0 , 0 , 0.34419551934826886 , 0.6671781756180734 , 
263: 0 , 0 , 0 , 0 , 0.32075471698113206 , 0.7098214285714286 , 0 , 0.7539936102236422 , 0 , 0 , 0 , 0 , 0.28135828135828134 , 0 , 0 , 0 , 0.44596912521440824 , 0 , 0.723404255319149 , 0 , 0 , 0 , 0 , 
264: 0 , 0.40931780366056575 , 0 , 0 , 0 , 0 , 0 , 0 , 0 , 0 , 0 , 0 , 0.40794979079497906 , 0.44399460188933876 , 0.38005390835579517 , 0.45347533632286996 , 0.32196969696969696 , 
265: 0 , 0 , 0 , 0 , 0 , 0 , 0 , 0.09974640743871513 , 0 , 0 , 0.26430517711171664 , 0.5138339920948617 , 0.6211687780956273 , 
266: 0 , 0 , 0 , 0 , 0 , 0 , 0 , 0 , 0 , 0 , 0 , 0 , 0 , 0 , 0 , 0 , 0 , 0.4725 , 0 , 0 , 0.7822318526543879 , 0 , 
267: 0 , 0.43315508021390375 , 0 , 0 , 0 , 0 , 0 , 0 , 0.25877192982456143 , 0 , 0 , 0.2032967032967033 , 0 , 0 , 0 , 0.34801762114537443 , 0 , 0.5953947368421053 , 0 , 0 , 0.007992895204262877 , 0.44956140350877194 , 0 , 0.49363507779349364 , 
268: 0 , 0 , 0 , 0.09860664523043944 , 0 , 0 , 0 , 0 , 0.48268398268398266 , 0.5431449846692948 , 0 , 0 , 0 , 0 , 0 , 0 , 0 , 0 , 0 , 0 , 0.6013289036544851 , 0.7258064516129032 , 0 , 
269: 0 , 0 , 0.43261608154020387 , 
270: 0 , 0 , 0 , 0 , 0 , 0 , 0 , 0 , 0 , 0 , 0 , 0 , 0 , 0 , 0 , 0 , 0 , 0 , 0 , 0 , 0 , 0 , 0 , 0 , 0.5358255451713395 , 0 , 0 , 0 , 0 , 0.7066139061616733 , 0 , 0 , 0 , 0 , 0 , 0 , 0.6775336640680368 , 0 , 0.4590604026845638 , 0 , 
271: 0 , 0 , 0.20639269406392693 , 0.4151291512915129 , 0 , 0.6876951905059338 , 0.6727129337539433 , 0 , 0 , 0 , 0.6204013377926422 , 0.2991869918699187 , 
272: 0 , 0 , 0 , 0 , 0 , 0 , 0.007722007722007722 , 0 , 0 , 0 , 0 , 0 , 0 , 0 , 0 , 
273: 0 , 0 , 0 , 0 , 0 , 0 , 0 , 0 , 0 , 0.2878228782287823 , 0 , 0 , 0 , 0 , 0 , 0 , 0 , 0 , 0 , 0 , 0 , 0 , 0.5769720101781171 , 0 , 0 , 0 , 0 , 0 , 0 , 0 , 
274: 0 , 0 , 0 , 0 , 0 , 0 , 0 , 0 , 0 , 0 , 0.004333694474539545 , 0.07346286931062018 , 
275: 0 , 0 , 0 , 0.7357801691006918 , 0.4079592949300382 , 0 , 0 , 
276: 0 , 0 , 0 , 0 , 0.19806763285024154 , 0 , 
277: 0 , 0 , 0 , 0 , 0.0013726835964310226 , 0.11594202898550725 , 0.5152439024390244 , 0.3976426799007444 , 0.07085828343313373 , 0.29494505494505496 , 0.3454636927720946 , 0.17264224473889322 , 0 , 0.42021276595744683 , 0 , 0.4429530201342282 , 0.5528771384136858 , 0 , 0 , 
278: 0 , 0 , 0.41743119266055045 , 0 , 0 , 0 , 0 , 0 , 0 , 0 , 0 , 0.15151515151515152 , 0 , 0.5349766822118588 , 0.8066414459857083 , 0 , 0 , 0 , 0 , 0 , 0 , 0 , 0 , 0 , 0.009578544061302681 , 0.5891089108910891 , 0.6317934782608695 , 0.5317073170731708 , 0 , 
279: 0 , 0.6541353383458647 , 0 , 0.3629032258064516 , 0 , 0 , 0 , 0 , 0 , 0 , 0 , 0 , 0 , 0 , 0 , 0 , 0 , 0.009779951100244499 , 0.4444444444444444 , 0 , 
280: 0 , 0 , 0 , 0 , 0 , 0 , 0 , 0 , 0 , 0 , 0 , 0 , 0.494949494949495 , 0 , 0.17126269956458637 , 0 , 0.19910011248593926 , 
281: 0 , 0 , 0 , 0 , 0 , 0 , 0 , 0 , 0 , 0 , 0 , 0 , 0 , 0 , 0 , 0 , 0 , 0 , 
282: 0 , 0.3076448828606658 , 0.010299166257969592 , 0 , 0 , 0.3958333333333333 , 0 , 0 , 0 , 0 , 0.4094616639477977 , 0 , 0 , 0.5041050903119869 , 0.46551724137931033 , 
283: 0 , 0 , 0 , 0.5108974358974359 , 0.45893719806763283 , 0 , 0.00398406374501992 , 0.5409309791332263 , 0.6195860482943657 , 0.11708860759493671 , 0 , 0 , 0.705531453362256 , 0.4317073170731707 , 0 , 
284: 0 , 0 , 0 , 0 , 0.3251231527093596 , 0 , 0 , 0.13064295485636115 , 0 , 0.5693606755126659 , 
285: 0 , 0 , 0 , 0 , 0 , 0 , 0 , 0.6612284069097889 , 0 , 0 , 0 , 0 , 0 , 0 , 0 , 
286: 0 , 0 , 0 , 0.6666666666666666 , 0.3949843260188088 , 0 , 0 , 0 , 0 , 0 , 0.7685873605947955 , 0.8325449385052034 , 0 , 0 , 0 , 0 , 0 , 0 , 0.19223985890652556 , 0.754200146092038 , 0.47093023255813954 , 
287: 0 , 0 , 0 , 0.45864661654135336 , 0 , 0 , 0 , 0 , 0.2786885245901639 , 0 , 0 , 0 , 0 , 0 , 0 , 0 , 0 , 0 , 0 , 0 , 0 , 0 , 0.27235772357723576 , 
288: 0 , 0 , 0 , 0.46629213483146065 , 0 , 0 , 
289: 0 , 0 , 0 , 0 , 0 , 0.034782608695652174 , 0 , 0 , 0 , 0 , 0 , 0 , 0 , 0 , 0 , 0 , 0 , 0 , 0 , 0 , 0.16371681415929204 , 0.18566775244299674 , 0.33488372093023255 , 0.420857596611964 , 0.7829721362229102 , 0 , 
290: 0 , 0 , 0 , 0 , 0 , 0 , 0 , 0 , 0 , 0 , 0 , 0.33744075829383885 , 0 , 0.6792975970425139 , 0.7879371190247032 , 0 , 0.07163415414134953 , 0 , 
291: 0 , 0 , 0 , 0 , 0 , 0 , 0 , 0.8171091445427728 , 0 , 0 , 0 , 0 , 0 , 0 , 0 , 0 , 
292: 0 , 0 , 0 , 0 , 0 , 0 , 0 , 0 , 0 , 0 , 0 , 0 , 0 , 0 , 0 , 0 , 0 , 0 , 0 , 0 , 0 , 0 , 0 , 
293: 0 , 0 , 0 , 0 , 0 , 0 , 0.42846094354215003 , 0 , 0.10971223021582734 , 0.7091412742382271 , 0 , 0 , 0 , 0.19600699504517632 , 0.4776887871853547 , 0.6490825688073395 , 
294: 0 , 0 , 0 , 0 , 0 , 0 , 0 , 0 , 0 , 0.16500574932924492 , 0.0016638935108153079 , 0.002224694104560623 , 0.13672217353198948 , 0 , 0.03473053892215569 , 0.024574141301312483 , 0 , 0.12546399406087602 , 0 , 0.5161118980169972 , 0 , 0 , 0 , 0 , 
295: 0 , 0.6605263157894737 , 0 , 0.8689347462353597 , 0.014925373134328358 , 0.4649122807017544 , 0 , 0 , 0 , 0 , 0 , 0 , 0 , 
296: 0 , 0 , 0 , 0.1985185185185185 , 0.005917159763313609 , 0.4306282722513089 , 0.06510416666666667 , 0 , 0 , 0.8408408408408409 , 0.5390728476821192 , 0 , 0.5126625598904859 , 
297: 0 , 0 , 0 , 0 , 0 , 0 , 0 , 0 , 0 , 0 , 0 , 0 , 0 , 0 , 0 , 
298: 0 , 0 , 0 , 0 , 0 , 0 , 0 , 0 , 0.024271844660194174 , 0.4888663967611336 , 0 , 0.431858407079646 , 
299: 0 , 0.2911111111111111 , 0 , 0 , 0 , 0 , 0 , 0 , 0 , 0 , 0 , 0 , 0 , 0 , 0 , 0 , 0 , 0.28272251308900526 , 
300: 0 , 0.3603145235892692 , 0 , 0 , 
301: 0 , 0 , 0.19801892632882284 , 
302: 0 , 0 , 0 , 0 , 0 , 
303: 0 , 0 , 0 , 0 , 0 , 0 , 0 , 0 , 0 , 0 , 0 , 0 , 0 , 0 , 0 , 0 , 0.14638783269961977 , 0 , 0.8721506442021804 , 0 , 0 , 0.03910493156636976 , 
304: 0 , 0 , 0 , 0 , 0 , 0 , 
305: 0 , 0 , 0 , 0 , 0 , 0 , 0 , 0 , 0 , 0 , 0 , 0 , 0.22085889570552147 , 0 , 0 , 0 , 0 , 0 , 0 , 0 , 
306: 0 , 0 , 0.3518334985133796 , 
307: 0 , 0 , 0 , 0 , 0 , 0 , 0 , 0 , 0 , 0 , 0 , 0 , 0 , 0 , 0.5815433571996818 , 0 , 0 , 0 , 0 , 0 , 0 , 0 , 0.23909632883589582 , 0.5605095541401274 , 0 , 0 , 0 , 0.24153846153846154 , 0 , 
308: 0 , 0.19094766619519093 , 0 , 0 , 0.24783397138827323 , 
309: 0 , 0 , 0 , 0 , 0 , 0 , 0 , 0.6467578822129685 , 
310: 0 , 0 , 0 , 0 , 0.0025575447570332483 , 0 , 0 , 0 , 0.5232793522267206 , 0.591715976331361 , 0.7034805890227577 , 0 , 0 , 0.18237547892720307 , 0 , 0.05231530576175327 , 0.29745042492917845 , 0.009363295880149813 , 0 , 0.23821989528795812 , 
311: 0 , 0 , 0 , 0 , 0 , 0 , 0 , 0 , 0.11688764829030007 , 0 , 0 , 0 , 0.583044982698962 , 0.35993975903614456 , 0 , 0.5578272810497407 , 0 , 0 , 0 , 0 , 0.398989898989899 , 0.49696969696969695 , 
312: 0 , 0 , 0 , 0 , 0 , 0 , 0 , 0 , 0.4659498207885305 , 0.4224537037037037 , 0 , 0 , 0 , 0 , 0 , 0.22088353413654618 , 
313: 0 , 0 , 0 , 0 , 0.3804347826086957 , 0 , 0 , 0.2818910474120364 , 0 , 0 , 0 , 0 , 0 , 0 , 0 , 0 , 0 , 0 , 0.005369551484523057 , 0 , 0 , 0 , 0 , 
314: 0 , 0 , 0 , 0 , 0 , 0 , 0 , 0 , 0 , 0.000569584203531422 , 0.4216090768437339 , 0 , 0 , 0 , 0 , 0 , 0 , 0 , 0 , 0 , 0.3728813559322034 , 0 , 0 , 0.7381150959132611 , 0 , 0 , 0.41621621621621624 , 
315: 0 , 0 , 0 , 0 , 0 , 0 , 0 , 0 , 0 , 0.38121766812574615 , 0 , 0.32169576059850374 , 
316: 0 , 0 , 0 , 0 , 0 , 0 , 0 , 0 , 0 , 0.0014792899408284023 , 0.2978617603182496 , 0 , 0.001736111111111111 , 0 , 0 , 0 , 0 , 0 , 0.7772697583278902 , 0.6875098939369955 , 0 , 0 , 0 , 0 , 0.5568544102019128 , 
317: 0 , 0 , 0 , 0 , 0 , 0 , 0 , 0 , 0 , 0 , 0.3614457831325301 , 0 , 0.523931623931624 , 0.5234616465299241 , 
318: 0 , 0 , 0 , 0.35573580533024335 , 0 , 0 , 0 , 0.5889724310776943 , 0.5960144927536232 , 0.7290986283474853 , 0 , 0 , 
319: 0 , 0 , 0 , 0 , 0 , 0 , 0.3390894819466248 , 0 , 0.9183829138062548 , 0 , 0 , 
320: 0 , 0 , 0 , 0.3555767397521449 , 0 , 0 , 0 , 0 , 0 , 0.795305886879569 , 0 , 0 , 
321: 0 , 0.6703841387856257 , 0.5442583732057417 , 0 , 0 , 0 , 0 , 0 , 0 , 0 , 0 , 0 , 0.7421926910299004 , 0 , 
322: 0 , 0 , 0 , 0.9224098585120949 , 0 , 0 , 
323: 0 , 0 , 0 , 0 , 0 , 0 , 0 , 0 , 0 , 0 , 0 , 0 , 0 , 0 , 0 , 0 , 0 , 0 , 0 , 0 , 0 , 0 , 0 , 0 , 0 , 0.0018656716417910447 , 0.3887640449438202 , 0.21370143149284254 , 0 , 0 , 0 , 0 , 0 , 
324: 0 , 0 , 0 , 0 , 0 , 0 , 0 , 0 , 0 , 0 , 0 , 0 , 0 , 0 , 0 , 0 , 0 , 0 , 0 , 0 , 0.2798165137614679 , 0 , 0.34838709677419355 , 0 , 0 , 0 , 0 , 0.7104477611940299 , 0 , 0.5600830521671425 , 0 , 0 , 0 , 
325: 0 , 
326: 0 , 0 , 0 , 0 , 0 , 0 , 0 , 0 , 0 , 0 , 0 , 0 , 0.7471698113207547 , 0.5233644859813084 , 0 , 0 , 0.3251231527093596 , 0 , 0 , 0.15151515151515152 , 0.8104189044038668 , 0 , 0 , 0.04606440071556351 , 0 , 0 , 0.22324159021406728 , 0 , 0 , 
327: 0 , 0.08784773060029283 , 0.47153284671532847 , 0.003787878787878788 , 0.2840694601736504 , 
328: 0 , 0.706581352833638 , 0 , 0.4229452054794521 , 0.732321601549887 , 0 , 0 , 
329: 0 , 0 , 0 , 0 , 0 , 0 , 0 , 0 , 0 , 0 , 0 , 0 , 0.42727272727272725 , 0 , 0.8989598811292719 , 0 , 0 , 
330: 0 , 0 , 0 , 0 , 0 , 0 , 0 , 0 , 0 , 0 , 0 , 0 , 0 , 0 , 0 , 0 , 0 , 0 , 0 , 0.37185929648241206 , 0 , 0 , 0 , 0 , 0 , 0 , 0 , 0 , 0.014084507042253521 , 0 , 0.3333333333333333 , 0 , 0 , 0 , 0 , 0 , 0 , 0 , 0 , 0 , 0 , 0.7084367245657568 , 
331: 0 , 0 , 0 , 0 , 0 , 0 , 0 , 0 , 0 , 0.015453960077269801 , 0.4486104984561094 , 0 , 0 , 0 , 0 , 0 , 0 , 0 , 0 , 0 , 0 , 0 , 0.45075757575757575 , 0.1918032786885246 , 0 , 0 , 0 , 0 , 0 , 0 , 0 , 0 , 0 , 0.8553237604985099 , 0 , 
332: 0 , 0 , 0 , 0 , 0 , 0 , 0 , 0.06759656652360516 , 0.3094716801523084 , 0.0022315568390653714 , 0.28519593613933236 , 0.6658807679353318 , 0.1897810218978102 , 0 , 0 , 0 , 0 , 0 , 0.0023148148148148147 , 0 , 0.5967523680649527 , 0 , 0 , 
333: 0 , 0.19444444444444445 , 0 , 0.453781512605042 , 0 , 0 , 0 , 0.6525974025974026 , 0 , 0 , 0 , 0.214123006833713 , 0 , 0.015228426395939087 , 
334: 0 , 0 , 0 , 0 , 0 , 0 , 0 , 0 , 0 , 0 , 0.32937554969217236 , 
335: 0 , 0 , 0.5348278622898318 , 0 , 0 , 0 , 0 , 0 , 0 , 0 , 0 , 0 , 0 , 0 , 0 , 0 , 0 , 0.6896551724137931 , 0.7090301003344481 , 0.7819757365684575 , 0.00022986392055902906 , 0.5664599622539768 , 0 , 0 , 0 , 0.39090909090909093 , 
336: 0 , 0 , 0.5942201108471893 , 0.40617577197149646 , 0.0007974481658692185 , 0.3795295613477432 , 0 , 0 , 0 , 0.722183344996501 , 0.39238263950398583 , 0 , 0.35092348284960423 , 
337: 0 , 0 , 0 , 0 , 0 , 0 , 0 , 0 , 0 , 0 , 0.25069637883008355 , 0.6902718168812589 , 0 , 0 , 0 , 0 , 0 , 0.6298507462686567 , 0.367261766751681 , 0.5134474327628362 , 
338: 0 , 0 , 0 , 0 , 0 , 0 , 0.4641873278236915 , 0.4330935251798561 , 0 , 0 , 0 , 0 , 0 , 0 , 0 , 0.2268041237113402 , 0.5319206737299647 , 0.4254807692307692 , 
339: 0 , 0 , 0 , 0 , 0 , 0 , 0 , 0 , 0 , 0 , 0 , 0 , 0 , 0 , 0 , 0 , 0 , 0 , 0 , 0 , 0 , 0 , 0 , 0 , 0 , 0 , 0 , 0 , 0 , 0 , 0 , 0 , 0 , 0 , 0 , 0.2616580310880829 , 0.15299026425591097 , 0.5641025641025641 , 0.8885819521178637 , 0 , 0 , 0 , 0 , 0 , 0 , 0 , 0 , 
340: 0 , 0 , 0 , 0 , 0 , 0 , 0 , 0 , 0 , 0 , 0.7700463883366467 , 0.6309291747888239 , 0 , 0.14774510829758292 , 
341: 0 , 0 , 0.44762622456669177 , 0 , 0 , 0 , 0 , 0 , 0 , 0 , 0 , 0.6478117258464079 , 0 , 0 , 0 , 0.7248144220572641 , 0 , 0 , 0 , 0 , 0 , 0 , 0 , 0.5135135135135135 , 
342: 0 , 0 , 0 , 0 , 0 , 0 , 0 , 0 , 0 , 0 , 0 , 0.7983316977428851 , 0.36199095022624433 , 
343: 0 , 0 , 0 , 0 , 0 , 0 , 0 , 0.4624624624624625 , 0.7971611721611722 , 0.005787781350482315 , 0.19238476953907815 , 
344: 0 , 0 , 0 , 0 , 0 , 0 , 0 , 0 , 0 , 0 , 0 , 0 , 0 , 0 , 0 , 0.5957120980091883 , 0.32710280373831774 , 
345: 0 , 0 , 0 , 0 , 0 , 0.684593023255814 , 0 , 0 , 0 , 0 , 0 , 0 , 0.7562240663900415 , 0.8148148148148148 , 0 , 
346: 0 , 0 , 0 , 0 , 0 , 0 , 0 , 0 , 0 , 0 , 0.42264957264957265 , 0 , 0 , 0 , 0 , 0 , 0 , 0 , 0 , 0 , 0.6546546546546547 , 0 , 0.7469498418436512 , 0 , 
347: 0 , 0 , 0 , 0 , 0 , 0 , 0.4 , 0.6717076244486453 , 0.7807890222984563 , 0.5952238805970149 , 0 , 
348: 0 , 0 , 0.0005934718100890207 , 0.23340040241448692 , 0.46082289803220033 , 
349: 0 , 0 , 0 , 0 , 0 , 0 , 0 , 0.21641791044776118 , 0 , 0.18388791593695272 , 0 , 0 , 0 , 0 , 0 , 0 , 0 , 0.13217866909753875 , 0.6140117994100295 , 0.735962441314554 , 0 , 0 , 0.29428571428571426 , 
350: 0 , 0 , 0 , 0 , 0 , 0.3313840155945419 , 0 , 0 , 0 , 0 , 0 , 0 , 0 , 0 , 0 , 0.125 , 0 , 0.40878828229027964 , 0 , 0 , 0 , 0 , 0 , 0.34782608695652173 , 0.1374738311235171 , 0 , 0.35735735735735735 , 0.5632530120481928 , 
351: 0 , 0 , 0 , 0 , 0 , 0 , 0 , 0 , 0 , 0 , 0 , 0.2981651376146789 , 0 , 0 , 0 , 0.6534296028880866 , 0 , 
352: 0 , 0.22349643221202853 , 0.07419226166733148 , 0.17113305124588624 , 0.061968408262454436 , 0.015342960288808664 , 0.11673151750972763 , 0.4385083713850837 , 0.05459183673469388 , 0.6877394636015326 , 0.8825214899713467 , 
353: 0 , 0 , 0 , 0.23843416370106763 , 0 , 0 , 0 , 0.4550408719346049 , 0 , 0 , 0 , 0 , 0 , 0 , 0 , 0 , 0.2375 , 
354: 0 , 0 , 0 , 0 , 0 , 0 , 0 , 0 , 0 , 0 , 0 , 0 , 0 , 0 , 0 , 0 , 0 , 0 , 0 , 0.28169014084507044 , 0 , 0 , 0 , 0 , 0.7135582431572247 , 0 , 0 , 0 , 0 , 
355: 0 , 0 , 0.6484536082474227 , 0.4926149365508633 , 0.0003852080123266564 , 0.02108433734939759 , 0 , 0.8652379222666182 , 0 , 0 , 0 , 
356: 0 , 0 , 0 , 0 , 0 , 0 , 0 , 0 , 0 , 0 , 0.21490196078431373 , 0 , 0.5037091988130564 , 0 , 0 , 0 , 0 , 0 , 0 , 0 , 0 , 0 , 0 , 0.5746847720659554 , 
357: 0 , 0 , 0 , 0 , 0 , 0 , 0 , 0 , 0 , 0 , 0 , 0 , 0 , 0 , 
358: 0 , 0.09583276774806569 , 0.07033898305084746 , 0.5352807283763278 , 0.42010771992818674 , 0 , 0 , 0.6821567931890742 , 0 , 
359: 0 , 0 , 0.3187919463087248 , 0 , 0.559040590405904 , 0 , 0 , 0 , 0 , 0 , 0 , 0.635836627140975 , 0 , 0 , 0 , 0.28440366972477066 , 0 , 0 , 0 , 
360: 0 , 0 , 0 , 0 , 0 , 0 , 0 , 0 , 0 , 0 , 0 , 0 , 0 , 0 , 0 , 0 , 0 , 0 , 0 , 0.8019863438857853 , 0 , 0 , 0.8261562998405104 , 0.5985985985985987 , 0 , 
361: 0 , 0 , 0.022979397781299524 , 0.3402100525131283 , 0 , 0 , 0 , 0 , 0 , 0 , 0 , 0 , 0.01164021164021164 , 0 , 0 , 0.737294201861131 , 0.4559810501381761 , 0 , 0 , 0 , 
362: 0 , 0 , 0 , 0 , 0 , 0 , 0 , 0 , 0 , 0 , 0 , 0 , 0 , 0 , 0 , 
363: 0 , 0 , 0 , 0 , 0 , 0 , 0 , 0 , 0 , 0 , 0 , 0 , 0 , 0 , 0.14882032667876588 , 0 , 0 , 0 , 0.654300168634064 , 
364: 0 , 0 , 0 , 0 , 0 , 0 , 0 , 0.533203125 , 0 , 0 , 0 , 0 , 0 , 0.5836791147994468 , 0 , 0 , 0 , 0 , 0.20474777448071216 , 0 , 0.12371134020618557 , 
365: 0 , 0.0030959752321981426 , 0.007142857142857143 , 0 , 0.5063113604488079 , 0.0007507507507507507 , 0.40106177606177607 , 0.18686868686868688 , 0.001392757660167131 , 0.04970414201183432 , 0 , 0 , 0 , 0 , 0.24482554701360143 , 0.8874773139745916 , 0.6101449275362318 , 0 , 0.5239107332624867 , 
366: 0 , 0 , 0 , 0 , 0 , 0 , 0.5975083852419741 , 0 , 0.35283018867924526 , 0 , 0.6013363028953229 , 0.26758147512864494 , 0 , 
367: 0 , 0 , 0 , 0 , 0.38001273074474856 , 0 , 0.3964620187304891 , 0 , 0 , 0.3225806451612903 , 0 , 0 , 0 , 0 , 0 , 0 , 0 , 0 , 0.3690773067331671 , 0 , 0 , 0 , 0 , 0.4109211252068395 , 
368: 0 , 0 , 0 , 0 , 0 , 0.07608695652173914 , 0.7485169491525424 , 0.6598079561042524 , 0 , 0 , 0 , 0 , 0.55470737913486 , 0.88167104111986 , 0.07003891050583658 , 
369: 0 , 0 , 0 , 0 , 0 , 0 , 0 , 0 , 0 , 0 , 0.0014084507042253522 , 0.19352836879432625 , 0 , 0 , 0.22950819672131148 , 0 , 0.713472485768501 , 
370: 0 , 0 , 0 , 0 , 0 , 0 , 0 , 0.6251968503937008 , 0 , 0.7687319884726225 , 0.6981132075471698 , 0 , 0 , 0.7174409748667174 , 0 , 0 , 0 , 0.6067193675889329 , 0 , 0 , 
371: 0 , 0.634493670886076 , 0.7092457420924574 , 0 , 0.5667835511635321 , 0 , 0.002466091245376079 , 0 , 0 , 0.3172069825436409 , 0.21304926764314247 , 0 , 
372: 0 , 0 , 0 , 0 , 0 , 0.7454268292682927 , 0.42351453855878635 , 
373: 0 , 0 , 0.2996306555863343 , 0.7011851015801355 , 0.005494505494505495 , 0 , 0.2606707317073171 , 
374: 0 , 0 , 0 , 0 , 0 , 0 , 0 , 0 , 0 , 0.39690721649484534 , 0.29015544041450775 , 0 , 0 , 0 , 0 , 0 , 0 , 0 , 0 , 0 , 0 , 0 , 0 , 0 , 0 , 0 , 0 , 
375: 0 , 0 , 0 , 0.7340619307832422 , 0 , 0 , 0 , 0 , 0 , 0 , 
376: 0 , 0 , 0.5160493827160494 , 0 , 0 , 0 , 0 , 0 , 0.5829081632653061 , 0 , 0.7286432160804021 , 0 , 0 , 0 , 0 , 0 , 0.6669741697416974 , 0 , 0.5052631578947369 , 0 , 0.5942857142857143 , 
377: 0 , 0.4576976421636616 , 0 , 0 , 0 , 0.5412844036697247 , 0.02927927927927928 , 0.29616449189402927 , 0 , 0.09693693693693693 , 0 , 0 , 0.5529513888888888 , 0.4440337909186906 , 0 , 0 , 0 , 0 , 0 , 0 , 0 , 0.44818465977398414 , 
378: 0 , 0 , 0 , 0 , 0 , 0 , 0 , 0 , 0 , 0 , 0.5214285714285715 , 0 , 0 , 0.4195121951219512 , 0.6502057613168725 , 0.5034324942791762 , 0 , 0 , 0 , 0 , 0 , 0 , 0.736773350751143 , 0.6967155835080363 , 0.8374892519346517 , 0 , 0 , 0 , 0 , 
379: 0 , 0 , 0 , 0 , 0 , 0 , 0 , 0 , 0 , 0.23948220064724918 , 0 , 0 , 0.35742518351214003 , 0.054528650646950096 , 0.38694638694638694 , 0.2850877192982456 , 0.00078125 , 0.4908616187989556 , 
380: 0 , 0 , 0 , 0 , 0 , 0.42653508771929827 , 0.5025510204081632 , 0 , 0.33185840707964603 , 0.4941050375133976 , 0.005338078291814947 , 0.6223050306095289 , 0.7304550758459744 , 0.6082949308755761 , 0 , 
381: 0 , 0.5475880052151239 , 0.56047197640118 , 0.5967832429399663 , 0.028064230995875072 , 
382: 0 , 0 , 0.22900763358778625 , 0.03 , 0 , 0 , 0 , 0 , 0 , 
383: 0 , 0 , 0 , 0 , 0 , 0 , 0.012698412698412698 , 0 , 0 , 0 , 0 , 0 , 0 , 0.6291079812206573 , 0 , 0 , 0 , 0 , 0.19157088122605365 , 0.7304997664642691 , 0.4409013605442177 , 0 , 0.0504983388704319 , 0 , 0.41817809201762474 , 0 , 
384: 0 , 0 , 0 , 0 , 0.6164383561643836 , 0 , 0 , 0 , 0 , 0 , 0 , 0 , 0 , 0 , 
385: 0 , 0 , 0 , 0 , 0 , 0 , 0.8017202354006338 , 0 , 0.37896253602305474 , 0 , 
386: 0 , 0 , 0 , 0 , 0 , 0 , 0 , 0 , 0.2579505300353357 , 0.6135940409683427 , 0 , 0 , 
387: 0 , 0 , 0 , 0.49586776859504134 , 0.653217011995638 , 0 , 0.18209255533199195 , 0 , 0 , 0.28940568475452194 , 0 , 0 , 0 , 0.0627177700348432 , 0 , 0 , 0.2191780821917808 , 0.24508519003931847 , 0.47265625 , 0.3111111111111111 , 
388: 0 , 0 , 0 , 0 , 0 , 0 , 0 , 0 , 
389: 0 , 0 , 0 , 0.049019607843137254 , 0.1038135593220339 , 0.752568493150685 , 0.644918444165621 , 0 , 0.06666666666666667 , 
390: 0 , 0 , 0 , 0 , 0 , 0 , 0 , 0.8395020188425303 , 0.16939890710382513 , 0 , 0 , 0 , 0.7702265372168284 , 0 , 0.48502994011976047 , 
391: 0 , 0 , 0 , 0 , 0 , 0 , 0 , 0 , 0 , 0.20884520884520885 , 0.41614349775784754 , 0 , 0.11300585390684653 , 0.4206539074960128 , 0 , 0 , 0 , 0 , 0 , 0 , 0 , 0 , 0.2705530642750374 , 0.1914587332053743 , 0.3325701202060675 , 
392: 0 , 0 , 0 , 0 , 0 , 0 , 0 , 0 , 0.4871447902571042 , 0.7252186588921283 , 0 , 
393: 0 , 0 , 0 , 0 , 0 , 0 , 0 , 0 , 0 , 0.3983739837398374 , 0.5165217391304348 , 0 , 0.5762949136724218 , 0.4028268551236749 , 0.8094758064516129 , 
394: 0 , 0 , 0 , 0.6870588235294117 , 0 , 0.125 , 0.5847826086956521 , 0.040051679586563305 , 0 , 0.40456490727532096 , 0.02122820318423048 , 0 , 0.6269230769230769 , 0 , 0 , 0 , 0.21103117505995203 , 
395: 0 , 0 , 0.4724576271186441 , 0.5024875621890548 , 
396: 0 , 0 , 0 , 0 , 0.003937007874015748 , 0 , 0 , 0 , 0 , 0 , 0 , 0 , 0 , 0 , 0 , 0 , 0 , 0 , 0.0916030534351145 , 0.6566637246248896 , 0.874085684430512 , 0 , 0 , 0 , 0 , 0 , 0 , 0 , 0 , 0 , 0.35909090909090907 , 0.5356288857006217 , 0.751569210439379 , 0.4906832298136646 , 0 , 0 , 0 , 0 , 
397: 0 , 0 , 0 , 0 , 0 , 0.44402985074626866 , 0 , 0 , 0 , 0 , 0 , 0 , 0 , 0 , 0 , 0 , 0 , 0.25574991901522515 , 
398: 0 , 0.1242603550295858 , 0.3087719298245614 , 0 , 0 , 0 , 0 , 0 , 0 , 0 , 0 , 0.49698795180722893 , 0 , 0.5701754385964912 , 0 , 0 , 0 , 0 , 0.4835390946502058 , 0 , 0 , 0 , 0 , 0.2702205882352941 , 0 , 0 , 0 , 0.5790688726433244 , 0 , 0 , 0 , 0 , 0 , 
399: 0 , 0 , 0 , 0 , 0 , 0 , 0 , 0 , 0 , 0 , 0 , 0 , 0 , 0 , 0 , 0 , 0 , 0 , 0 , 0 , 0 , 0 , 0 , 0 , 0 , 0 , 0 , 0 , 0 , 0 , 0 , 0 , 0 , 0 , 0 , 0 , 0.6077400860009555 , 0 , 0 , 
400: 0 , 0 , 0 , 0.40942184154175587 , 0 , 0 , 0.5657084188911704 , 0.0015923566878980893 , 0.7044459801888966 , 0 , 
401: 0 , 0 , 0.8241758241758241 , 0 , 0.4 , 0 , 0 , 0 , 0.5382513661202186 , 0 , 0 , 0 , 0 , 0 , 0 , 0 , 0 , 0 , 0 , 0 , 0.4895330112721417 , 
402: 0 , 0 , 0.00024093482712926153 , 0.686046511627907 , 0 , 0.29107981220657275 , 0.2921615201900237 , 0.4883116883116883 , 0.4973021582733813 , 0 , 0.5109769484083425 , 0.2222222222222222 , 0 , 0 , 0 , 0 , 0 , 0 , 0 , 0 , 0 , 0 , 0.6021505376344086 , 0 , 
403: 0 , 0 , 0 , 0.004784688995215311 , 0 , 0 , 0.5518925518925519 , 0.20597907324364723 , 
404: 0 , 0 , 0 , 0 , 0 , 0 , 0 , 0 , 0 , 0 , 0 , 0 , 0 , 0 , 0 , 0 , 0 , 0 , 0 , 0 , 0 , 0.03253182461103253 , 0.19203099059214168 , 0 , 0.3741721854304636 , 
405: 0 , 0 , 0 , 0 , 0 , 0 , 0 , 0 , 0 , 0 , 0.17898193760262726 , 0.7613192818110851 , 
406: 0 , 0 , 0 , 0 , 0 , 0 , 0 , 0 , 0 , 0 , 0 , 0 , 0 , 0 , 0 , 0 , 0.4908899789768746 , 
407: 0 , 0 , 0 , 0 , 0 , 0 , 0 , 
408: 0 , 0 , 0 , 0 , 0 , 0 , 0.43097345132743364 , 0 , 0 , 0 , 0 , 0 , 0.3176895306859206 , 0 , 0.7929255711127488 , 0 , 0 , 0 , 0.11320754716981132 , 0 , 0.36185819070904646 , 0 , 0.2918454935622318 , 0.3475609756097561 , 0 , 0 , 
409: 0 , 0.10556844547563805 , 0 , 0 , 0 , 0 , 0.33739837398373984 , 0 , 0.024185068349106203 , 0.17673611111111112 , 0 , 0 , 0 , 0.00631578947368421 , 0.3641851106639839 , 0.06309420916162489 , 0 , 0 , 0 , 0 , 0 , 0 , 0 , 0.020891364902506964 , 0 , 0 , 0 , 0.16043613707165108 , 0 , 0.16176470588235295 , 0 , 0 , 0 , 
410: 0 , 0 , 0 , 0 , 0 , 0.7454545454545455 , 0.7802469135802469 , 0 , 0.7179723502304147 , 0.6913092550790068 , 0 , 0 , 0 , 0 , 0 , 0 , 0 , 
411: 0 , 0 , 0 , 0 , 0 , 0.39702517162471396 , 0.0469208211143695 , 0 , 0 , 0 , 0.2545871559633027 , 0 , 0 , 
412: 0 , 0 , 0 , 0 , 0 , 0.3209647495361781 , 0 , 0 , 0.5160142348754448 , 0 , 0 , 0 , 0.27282728272827284 , 0.2870563674321503 , 0.7610706553827986 , 0.16762742718446602 , 0 , 0 , 0 , 0 , 
413: 0 , 0 , 0 , 0 , 0.5840747330960854 , 0 , 0 , 0 , 0 , 0 , 0 , 0 , 0.8445616883116883 , 0 , 0 , 
414: 0 , 0 , 0 , 0 , 0.014150943396226415 , 0.3848202396804261 , 0 , 0 , 0 , 0 , 0 , 0 , 0 , 0 , 0 , 0 , 0 , 0 , 0 , 0 , 0.3515625 , 0 , 0 , 0 , 0 , 0 , 0 , 0.3477832512315271 , 0 , 0 , 0.1111111111111111 , 0 , 0.1197339246119734 , 0 , 
415: 0 , 0.598314606741573 , 0.7294281729428173 , 0 , 0.10569600974718245 , 0 , 0 , 0.0627177700348432 , 
416: 0 , 0 , 0 , 0 , 0.20426829268292682 , 0 , 0 , 0 , 0 , 0 , 0 , 0 , 0 , 0 , 0 , 0 , 0 , 0 , 0 , 0.36012861736334406 , 0.30713547052740436 , 0 , 
417: 0 , 0 , 0.6483790523690773 , 0.34134615384615385 , 0.4376470588235294 , 0.3985728848114169 , 0.27422680412371137 , 0.6559714795008913 , 0 , 0.2892249527410208 , 0.09821428571428571 , 0 , 0.31004366812227074 , 
418: 0 , 0.3144790911288373 , 0.2922848664688427 , 
419: 0 , 0 , 0 , 0 , 0 , 0 , 0 , 0 , 0 , 0 , 
420: 0 , 0 , 0 , 0 , 0 , 0.7837507635919365 , 0 , 0.6281301193540838 , 
421: 0 , 0 , 0 , 0 , 0.7654936156960448 , 0.018867924528301886 , 
422: 0 , 0 , 0 , 0 , 0 , 0 , 0 , 0.8285340314136126 , 
423: 0 , 0.1445916114790287 , 0 , 0 , 0 , 0 , 0 , 0 , 0 , 0 , 0 , 0 , 0 , 0 , 0.1556122448979592 , 0 , 0 , 0.5772913816689467 , 0 , 0 , 0 , 0 , 0 , 0 , 0 , 0 , 0 , 0.2141084721729883 , 0.6525265127885215 , 0 , 0.22131147540983606 , 
424: 0 , 0 , 0 , 0 , 0 , 0.019271948608137045 , 0 , 0 , 0 , 0 , 0.22941324603374466 , 0 , 0 , 0.3269230769230769 , 0.7228070175438597 , 0 , 0.5660187667560321 , 
425: 0 , 0.5978695073235686 , 0.6123893805309735 , 0.7464960390006093 , 0.5271618625277162 , 0.9056179775280899 , 0.7184621545855026 , 0.2965779467680608 , 0.542528735632184 , 
426: 0 , 0 , 0 , 0 , 0 , 0 , 0.6114081996434938 , 0.6358452138492872 , 0 , 0 , 0 , 0.29676459650427667 , 0 , 0 , 0.7478937135450421 , 0 , 0 , 0 , 0.6244218316373727 , 
427: 0 , 0 , 0 , 0 , 0 , 0.4607250755287009 , 0 , 0 , 0 , 0 , 0 , 0.328998699609883 , 0 , 0 , 0 , 
428: 0 , 0.2898550724637681 , 0 , 0.7775438596491228 , 0 , 0 , 0 , 0 , 0 , 0.6162714097496707 , 0 , 
429: 0 , 0 , 0.6753246753246753 , 0.6640127388535032 , 0 , 0 , 0 , 0 , 0 , 0 , 0.2686414708886619 , 0.3111111111111111 , 0.5011135857461024 , 0.6578249336870027 , 0 , 0 , 0 , 0 , 0 , 0 , 0 , 0.6398618648248643 , 0 , 0 , 
430: 0 , 0 , 0 , 0 , 0.45963431786216596 , 0 , 0 , 0 , 0.7267857142857143 , 0.009183673469387756 , 0.009628610729023384 , 0.07932489451476793 , 0.3092909535452323 , 0.6635802469135802 , 0 , 0.17086834733893558 , 0 , 0.035161744022503515 , 0.28671679197994987 , 0 , 0 , 0 , 0 , 0.7312444836716682 , 
431: 0 , 0 , 0 , 0 , 0 , 0 , 0 , 0 , 0 , 0 , 0 , 0 , 0 , 0 , 0 , 0 , 0 , 0.3009367681498829 , 0.33635187580853815 , 0.4378311000311624 , 0 , 0 , 0 , 0.08534743202416918 , 0.4728682170542636 , 0.10231185440236104 , 
432: 0 , 0.12445414847161572 , 0.7996870109546166 , 0.13431876606683804 , 0 , 
433: 0 , 0 , 0 , 0 , 0 , 0.8462783171521036 , 0 , 0.8414239482200647 , 0.6648936170212766 , 0 , 0 , 
434: 0 , 0 , 0 , 0.6074380165289256 , 0 , 0.5487179487179488 , 0.6497890295358649 , 0.5739723016047483 , 0.12516884286357496 , 0.26199261992619927 , 
435: 0 , 0 , 0 , 0 , 0 , 0.4694835680751174 , 0.8018769551616267 , 0 , 0 , 0 , 0 , 0 , 0 , 0 , 0.37655172413793103 , 0.7317397078353254 , 0 , 
436: 0 , 0 , 0 , 0 , 0 , 0.3946165566277298 , 0.5789473684210527 , 0.6754943502824858 , 0.034348671419313026 , 
437: 0 , 0 , 0 , 0 , 0 , 0 , 0 , 0 , 0 , 0 , 0 , 0.8035770316912457 , 0.09090909090909091 , 0.06496862310815799 , 0 , 0.004021447721179625 , 0.3152948801036941 , 0 , 0 , 0 , 0.6333783175888439 , 0 , 0 , 0 , 0 , 0 , 0 , 0 , 0 , 0 , 0 , 0 , 0 , 0 , 0 , 0 , 
438: 0 , 0 , 0.7954545454545454 , 0.8769035532994924 , 0 , 0 , 0 , 0 , 0.24671052631578946 , 0 , 0.00684931506849315 , 0.33146067415730335 , 0.42840512223515714 , 
439: 0 , 0 , 0.4101449275362319 , 0 , 0 , 0 , 0 , 0 , 0 , 0 , 0 , 0 , 0 , 0 , 0 , 0 , 0 , 0 , 0 , 
440: 0 , 0 , 0 , 0 , 0 , 0 , 0 , 0 , 0 , 0 , 0 , 0 , 0 , 
441: 0 , 0.14797507788161993 , 0.35777126099706746 , 0.10696920583468396 , 0.3072100313479624 , 0.1100891861761427 , 0.5137428518723482 , 
442: 0 , 0 , 0 , 0.40064102564102566 , 0.5787671232876712 , 0 , 0 , 0 , 0 , 0 , 0 , 0 , 0 , 0 , 0 , 0.26548672566371684 , 0 , 0 , 0 , 0 , 0 , 0.6553359683794466 , 0.7704822777454968 , 0 , 0 , 0 , 0 , 
443: 0 , 0 , 0 , 0 , 0 , 0 , 0.37060041407867494 , 0 , 
444: 0 , 0.7730855855855856 , 0.6432563534746388 , 
445: 0 , 
446: 0 , 0 , 0 , 0 , 0.40240641711229946 , 
447: 0 , 0 , 0 , 0 , 0 , 0.6538688718251624 , 
448: 0 , 0.8238341968911918 , 
449: 0 , 
450: 0 , 0.5437448896156991 , 0 , 0 , 0.7736156351791531 , 0.5779122541603631 , 0.32093933463796476 , 0 , 0 , 0.045576407506702415 , 0.7937474624441738 , 
451: 0 , 0.4200626959247649 , 0.8226283257188928 , 
452: 0 , 0.6618204804045512 , 0.9266524520255863 , 0 , 0 , 0.6279411764705882 , 0.5257731958762887 , 0.44405594405594406 , 0.6390946502057613 , 0.3486622073578595 , 0.5565217391304348 , 0 , 
453: 0 , 0.3851094196003806 , 0.44604700854700857 , 0.0011507479861910242 , 
454: 0 , 
455: 0 , 0 , 
456: 0 , 0 , 0 , 0 , 0 , 0 , 0 , 0 , 0.5795964125560538 , 0 , 
457: 0 , 0.18055555555555555 , 0.5179063360881543 , 0.46595744680851064 , 0.526457399103139 , 0.8098043341047759 , 
458: 0 , 0 , 0 , 0 , 0 , 0 , 0 , 0.7348484848484849 , 0.5626216742375081 , 0 , 0 , 0.303886925795053 , 0 , 
459: 0 , 0.5710681244743482 , 
460: 0 , 
461: 0 , 
462: 0 , 0 , 0 , 0 , 0.10192578675434476 , 
463: 0 , 
464: 0 , 0 , 0 , 0.6942896935933147 , 0 , 
465: 0 , 0 , 0 , 0 , 0 , 0 , 0 , 0 , 0.0004175365344467641 , 0.29711689997218876 , 0 , 
466: 0 , 0.2422062350119904 , 
467: 0 , 0.7518097207859359 , 0.7528735632183908 , 
468: 0 , 0 , 0 , 0.3674089068825911 , 0.7804085422469823 , 0.13144174304374073 , 
469: 0 , 0.849445324881141 , 
470: 0 , 0 , 0 , 0 , 0 , 0 , 0 , 0 , 0 , 
471: 0 , 0 , 0 , 0 , 0.6225769669327252 , 0 , 0 , 0 , 0 , 0.5507762789513871 , 0 , 0 , 0 , 
472: 0 , 0 , 0 , 0 , 0 , 0 , 0 , 0 , 0 , 0 , 0.2869031519816915 , 0.1575091575091575 , 
473: 0 , 0 , 0 , 
474: 0 , 
475: 0 , 0.7707959305804907 , 
476: 0 , 0 , 
477: 0 , 0 , 0 , 0.3302491103202847 , 0.26830808080808083 , 0.3444940476190476 , 0 , 
478: 0 , 0.1602446483180428 , 0.6629588431590656 , 0.7024698449167145 , 
479: 0 , 0 , 0.6381578947368421 , 0 , 0 , 0 , 0 , 0 , 0 , 0 , 0.39869281045751637 , 
480: 0 , 0 , 0.3501144164759725 , 0 , 0 , 0 , 
481: 0 , 
482: 0 , 
483: 0 , 
484: 0 , 0 , 0 , 0 , 0.6387665198237885 , 0 , 0 , 
485: 0 , 0.6143344709897611 , 
486: 0 , 0.11438474870017332 , 0.2793857058476078 , 
487: 0 , 0 , 0.6618705035971223 , 0.7037524687294272 , 0.7140430351075878 , 0.421875 , 
488: 0 , 0 , 0.04470198675496689 , 0.14084507042253522 , 0 , 0.5683681073025335 , 0.659958071278826 , 
489: 0 , 
490: 0 , 0.6589912280701754 , 0.6801541425818882 , 
491: 0 , 0 , 0.7201946472019465 , 0 , 0 , 0 , 
492: 0 , 0.10633567988143756 , 
493: 0 , 0 , 0.19148936170212766 , 0 , 0.18636363636363637 , 
494: 0 , 0.42526315789473684 , 0.7399209486166007 , 0.8340008900756565 , 
495: 0 , 0 , 0 , 0 , 0.5166994106090373 , 0 , 0.8475138121546961 , 0 , 0 , 0 , 
496: 0 , 0 , 0.7537993920972644 , 0 , 0 , 0.37104072398190047 , 0.7920316473580108 , 0.18705192265913534 , 0 , 
497: 0 , 0.8366197183098592 , 0.26476190476190475 , 0 , 
498: 0 , 0 , 0 , 0 , 0 , 0 , 
499: 0 , 0.4899216125419933 , 0 , 0.19041614123581338 , 0.0441400304414003 , 0.1963154864709269 , 
