0: 0 , 0 , 0 , 0 , 0 , 0 , 0 , 0 , 0 , 0 , 0 , 0 , 0 , 0 , 0 , 0.9438202247191011 , 0 , 0 , 0.9655765920826161 , 0 , 0 , 0 , 0 , 
1: 0 , 0 , 0 , 0 , 0 , 0 , 0 , 0.9958376690946931 , 0 , 0 , 
2: 0 , 0 , 0 , 0 , 0 , 0 , 0 , 0 , 0.7062937062937062 , 0 , 0 , 0 , 0 , 0 , 0.09587482219061166 , 0 , 0.48416751787538304 , 0.009900990099009901 , 1.0 , 0 , 0.0003669724770642202 , 0.31865530303030304 , 0.990134994807892 , 0 , 0 , 0.7837837837837838 , 0.906832298136646 , 0 , 0 , 0.7142857142857143 , 0.8851444291609354 , 
3: 0 , 0 , 0.950530035335689 , 0 , 0 , 0 , 0 , 
4: 0 , 0 , 0 , 0 , 0 , 0 , 0 , 0 , 0 , 0 , 0 , 0 , 0 , 0 , 0 , 0 , 0 , 0 , 0 , 0 , 0 , 0 , 0 , 0 , 0 , 0 , 0.9866666666666667 , 0.9851258581235698 , 0 , 0 , 0 , 0 , 0.6934306569343066 , 
5: 0 , 0 , 0 , 0 , 0 , 0 , 0 , 0 , 0 , 0 , 0 , 0 , 0 , 0.9547169811320755 , 0.989517819706499 , 1.0 , 1.0 , 0 , 0 , 
6: 0 , 0 , 0 , 0 , 0 , 0 , 0 , 0 , 0 , 0 , 0 , 0 , 0 , 0 , 0 , 0 , 0 , 0 , 0 , 0 , 0 , 0 , 0.9644970414201184 , 0.9201183431952663 , 0 , 0 , 
7: 0 , 0 , 0 , 0 , 0 , 0 , 0 , 0 , 0 , 0 , 0 , 0 , 0 , 0 , 0.3077753779697624 , 0 , 0 , 0 , 0.4178272980501393 , 0.7363945578231292 , 0.9226804123711341 , 0 , 0 , 0 , 0 , 0 , 0.001040582726326743 , 0.2241875771287536 , 0 , 0.0004195849336733047 , 
8: 0 , 0 , 0 , 0 , 0 , 0 , 0 , 0 , 0 , 0.8745583038869258 , 0 , 0 , 0.9962593516209476 , 0.9017857142857143 , 0.9976076555023924 , 0.9870755750273823 , 0.01948051948051948 , 
9: 0 , 0 , 0 , 0 , 0 , 0 , 0 , 0.5464743589743589 , 0 , 0 , 0 , 0 , 0 , 0.006172839506172839 , 
10: 0 , 0 , 0 , 0 , 0 , 0 , 0 , 0 , 0 , 0 , 0 , 0 , 0 , 0 , 0 , 0 , 0 , 1.0 , 0 , 0 , 0.972027972027972 , 0 , 0 , 
11: 0 , 0 , 0 , 0 , 0 , 0.9224489795918367 , 0 , 0 , 0 , 1.0 , 0.9949238578680203 , 0.9841977309562399 , 0.9966740576496674 , 0 , 0 , 
12: 0 , 0 , 0 , 0 , 0 , 0 , 0 , 0 , 0 , 0 , 0 , 0 , 0 , 0 , 0 , 0 , 0 , 0 , 0 , 0 , 0.9961089494163424 , 1.0 , 0.9891304347826086 , 0.9892575039494471 , 0.980983606557377 , 
13: 0 , 0 , 0 , 0 , 0 , 0 , 0 , 0 , 1.0 , 0.5123839009287926 , 0 , 0 , 0.9850746268656716 , 0.9926470588235294 , 0.9935222672064777 , 0.9906763858281065 , 0 , 0 , 
14: 0 , 0 , 0 , 0 , 0.7135416666666666 , 0.7690457097032879 , 0.5497630331753555 , 0 , 0.8609406952965235 , 0.30959752321981426 , 0 , 0.9767184035476718 , 0.9948186528497409 , 0 , 0 , 0.5975609756097561 , 0 , 0 , 0 , 0 , 0 , 0.4989517819706499 , 
15: 0 , 0 , 0 , 0 , 0.9914529914529915 , 1.0 , 0 , 0 , 0 , 0 , 0 , 0 , 0 , 0 , 0 , 0 , 1.0 , 0.9347826086956522 , 0.8254069581870411 , 0.994486560992419 , 
16: 0 , 0 , 0 , 0 , 0 , 0.9152542372881356 , 0 , 0 , 0.641860465116279 , 0 , 0 , 0 , 0.7314814814814815 , 0 , 0 , 0 , 0 , 0 , 
17: 0 , 0 , 0.9941118743866536 , 0 , 0 , 0 , 0.964824120603015 , 0 , 
18: 0 , 0.021621621621621623 , 0 , 0 , 0 , 0 , 0.9528795811518325 , 0.9238909238909239 , 
19: 0 , 0 , 0 , 0 , 0 , 0 , 0 , 0.5 , 0 , 0 , 0 , 0 , 0 , 0 , 0 , 0 , 0.8121442125237192 , 0.9121048573631457 , 0 , 0 , 0 , 0 , 0 , 0 , 0 , 0 , 0.7158774373259053 , 0 , 0 , 
20: 0 , 0 , 0.576271186440678 , 0 , 0.07954545454545454 , 0 , 0 , 0.3435754189944134 , 0.9624413145539906 , 0.9813762626262627 , 0 , 0 , 0.5348837209302325 , 0 , 0.6166666666666667 , 
21: 0 , 0 , 0 , 0 , 0 , 0 , 0 , 0 , 0 , 0 , 0 , 0 , 0 , 0 , 0 , 0 , 0 , 0 , 0.9625 , 0 , 0.9466666666666667 , 0.6941313641663428 , 0.33495145631067963 , 0.8881987577639752 , 0 , 
22: 0 , 0 , 0 , 0.017369727047146403 , 0.5943204868154158 , 0.008064516129032258 , 0.8084358523725835 , 0 , 0 , 1.0 , 0 , 0.9656777196044212 , 0 , 
23: 0 , 0 , 0 , 0 , 0 , 0 , 0.6709090909090909 , 0 , 0 , 0 , 0.8412698412698413 , 0.9793459552495697 , 0 , 0 , 0 , 0.00024349331746117633 , 
24: 0 , 0 , 0 , 0 , 0 , 0 , 0 , 0 , 0 , 0 , 1.0 , 0 , 0 , 0 , 0 , 0 , 
25: 0 , 0 , 0 , 0 , 0.9080459770114943 , 0.991636798088411 , 0 , 0.6400580551523948 , 0.7154811715481172 , 0 , 0.9290681502086231 , 0.0025906735751295338 , 0 , 0 , 0.8324022346368715 , 0.631578947368421 , 
26: 0 , 0 , 0 , 0.9994378864530635 , 
27: 0 , 0 , 0 , 0 , 0 , 0 , 0 , 0 , 0 , 0 , 0 , 0 , 0.4318840579710145 , 0.5857988165680473 , 0.9346938775510204 , 0 , 0 , 0 , 0 , 0.0037313432835820895 , 0 , 0.9 , 0.23760217983651227 , 
28: 0 , 0 , 0 , 0 , 0 , 0 , 0 , 0.9975369458128078 , 0 , 0 , 1.0 , 0 , 0 , 0 , 0.8030203545633617 , 0.9940652818991098 , 0.9159120310478654 , 0.9146757679180887 , 0 , 
29: 0 , 0 , 0 , 0 , 0 , 0 , 0 , 0 , 0.9591836734693877 , 0.9015471167369902 , 0.9780701754385965 , 0.9787985865724381 , 0 , 0 , 0 , 0 , 0 , 0 , 0 , 0 , 0.9930555555555556 , 0.9988649262202043 , 0.9172932330827067 , 
30: 0 , 0 , 0 , 0.6264591439688716 , 0 , 0 , 0.8859060402684564 , 
31: 0 , 0 , 0 , 0 , 0 , 0 , 0 , 0 , 0 , 0 , 0 , 0 , 0 , 0 , 0 , 0 , 0.45519203413940257 , 0 , 0 , 0 , 0 , 
32: 0 , 1.0 , 0 , 0 , 0 , 0 , 0 , 0 , 0.9920634920634921 , 0 , 0 , 0 , 0.9975308641975309 , 0.9877750611246944 , 0.975 , 
33: 0 , 0 , 0 , 0 , 0 , 0 , 0 , 0.8733509234828496 , 1.0 , 0 , 0.9832460732984293 , 0.5190476190476191 , 0 , 0.9650047938638543 , 0.9367521367521368 , 0 , 
34: 0 , 0 , 0 , 0 , 0 , 0 , 0 , 0.782258064516129 , 0 , 0 , 0 , 0 , 0 , 0 , 0 , 0 , 0.8153669724770642 , 0.5601888276947286 , 0 , 0 , 0 , 
35: 0 , 0 , 0 , 0 , 0 , 0 , 0 , 0 , 0 , 0 , 0 , 0.9919354838709677 , 
36: 0 , 1.0 , 0 , 0.8903345724907064 , 0 , 0 , 
37: 0 , 0 , 0 , 0 , 0 , 0 , 0 , 0 , 0 , 0 , 0 , 0.9974779319041615 , 0 , 
38: 0 , 0 , 0.006613756613756613 , 0.5066666666666667 , 0.30238393977415307 , 0 , 0.0017172295363480253 , 0.807131280388979 , 0.924901185770751 , 0.7172413793103448 , 0.79875 , 
39: 0 , 0 , 0 , 0.9238095238095239 , 0.9897172236503856 , 0.5314401622718052 , 0.8721804511278195 , 0 , 0 , 0 , 1.0 , 0.7763975155279503 , 0.7522935779816514 , 0.7923832923832924 , 
40: 0 , 0 , 0.26666666666666666 , 0 , 0 , 0.9986249570299072 , 0 , 0 , 0 , 0 , 0.9833333333333333 , 0.6642335766423357 , 0 , 0.5346938775510204 , 0 , 0 , 0 , 0 , 0.5730337078651685 , 
41: 0 , 0 , 0.675 , 0 , 0.9458823529411765 , 0.7957671957671958 , 0 , 0 , 0 , 0 , 0 , 0 , 0 , 0 , 0 , 0 , 0 , 0 , 0 , 0.99933233183108 , 0.9418604651162791 , 0.8111111111111111 , 0.8183229813664596 , 
42: 0 , 0 , 0 , 0 , 0 , 0 , 0 , 0 , 0 , 0 , 0 , 0 , 0 , 0 , 0 , 0 , 0 , 0 , 0.9367741935483871 , 0.9757688723205965 , 0.9543424317617866 , 0.9170731707317074 , 0 , 0 , 0 , 0 , 
43: 0 , 0 , 0.9906542056074766 , 0 , 0 , 0 , 0 , 0 , 0 , 0 , 0 , 0 , 0 , 0 , 1.0 , 0 , 0 , 0 , 0 , 0 , 0 , 0 , 0.9924242424242424 , 0 , 0.7484 , 0.8666666666666667 , 0 , 0.014084507042253521 , 0 , 
44: 0 , 0 , 0 , 0 , 0 , 0 , 0 , 0 , 0 , 0.6176470588235294 , 
45: 0 , 0 , 0 , 0 , 0 , 0 , 0 , 0 , 0 , 0 , 0 , 0 , 0 , 0.9718875502008032 , 0.9266169154228856 , 0.9169899146625291 , 0 , 0 , 0.8429319371727748 , 0 , 0 , 0 , 0 , 0 , 0.7888888888888889 , 
46: 0 , 0 , 0 , 0 , 0 , 0 , 0 , 0 , 0.9973244147157191 , 0 , 0 , 0 , 
47: 0 , 0 , 0 , 0 , 0 , 0 , 0 , 0 , 0 , 0 , 0 , 
48: 0 , 0.7290322580645161 , 0.5635430038510911 , 0 , 0 , 0 , 0 , 0 , 0 , 0.8083333333333333 , 0.8931860036832413 , 0 , 0 , 0 , 0 , 0.22180451127819548 , 0.8543689320388349 , 0 , 0.46835443037974683 , 
49: 0 , 0 , 0 , 0 , 0 , 0 , 0 , 0 , 0 , 0 , 0 , 0 , 0 , 0.7033295922184811 , 0.9430147058823529 , 
50: 0 , 0 , 0.7146814404432132 , 0 , 0 , 0 , 0 , 0 , 0 , 0.9981132075471698 , 0 , 1.0 , 0 , 
51: 0 , 0 , 0 , 0 , 0 , 0 , 0 , 0 , 0 , 0 , 0.7976190476190477 , 0.9693824597820446 , 0 , 0 , 0 , 0 , 0 , 0.8656716417910447 , 0.9919517102615694 , 0.9561752988047809 , 0.9825922818791947 , 0 , 
52: 0 , 0 , 0 , 0 , 0 , 0 , 0.9510869565217391 , 0.7087126137841352 , 0 , 0.989993328885924 , 0.9678302532511978 , 0 , 0 , 0 , 0 , 0 , 0.9813432835820896 , 0 , 0 , 1.0 , 0.6166745394426074 , 
53: 0 , 0.9939024390243902 , 0 , 
54: 0 , 0 , 0 , 0 , 0 , 0 , 0 , 0.5416036308623298 , 0 , 0.9276315789473685 , 0 , 0.025547445255474453 , 0 , 
55: 0 , 0 , 0 , 0 , 0 , 0.4569247546346783 , 0 , 0 , 0.9077809798270894 , 0 , 0 , 0 , 0 , 0 , 0.9963636363636363 , 0 , 1.0 , 0 , 0.08333333333333333 , 
56: 0 , 0 , 0 , 0 , 0 , 0 , 0.7638888888888888 , 0 , 0.9853219696969697 , 0.7878787878787878 , 0.9391480730223124 , 0 , 0 , 0.44455773642620444 , 0 , 0 , 0 , 0.8099173553719008 , 0.011494252873563218 , 0 , 
57: 0 , 0 , 0 , 0 , 0 , 0 , 0 , 0 , 0 , 1.0 , 0 , 0 , 0.8859649122807017 , 0.9975609756097561 , 0.9572301425661914 , 0 , 1.0 , 0 , 
58: 0 , 0 , 0 , 0 , 0 , 0 , 0 , 0 , 0 , 0 , 0 , 0.9800796812749004 , 0.9712918660287081 , 0 , 0 , 0 , 0 , 0.9828897338403042 , 0 , 0 , 0 , 
59: 0 , 0 , 0 , 0 , 1.0 , 0 , 0 , 
60: 0 , 0 , 0 , 0 , 0 , 0 , 0 , 0 , 0 , 0 , 0 , 0 , 0 , 0 , 0 , 0 , 0 , 0 , 0.9019607843137255 , 0.9905619905619906 , 0.9755301794453507 , 0.948051948051948 , 0 , 
61: 0 , 0 , 0 , 0 , 1.0 , 0.998989898989899 , 0.8449612403100775 , 1.0 , 
62: 0 , 0 , 0 , 0 , 0 , 0 , 0 , 0 , 0 , 1.0 , 1.0 , 0.9711899791231733 , 0 , 0 , 0.9891304347826086 , 0 , 0.9411441144114412 , 0 , 0 , 0 , 0 , 
63: 0 , 0 , 0.9349658771577679 , 0 , 0 , 0.8861016949152543 , 
64: 0 , 0.9256756756756757 , 0.9013722126929674 , 0.9489559164733179 , 0.0015304921120791147 , 0.670862177470107 , 0 , 0.8240740740740741 , 0.5463709677419355 , 0 , 0.9935064935064936 , 0.8132295719844358 , 0.8554216867469879 , 0.5615079365079365 , 0.6473829201101928 , 
65: 0 , 0 , 0 , 0 , 0 , 0 , 0 , 0.4978902953586498 , 0 , 0 , 0.7282608695652174 , 0 , 0 , 0.07086614173228346 , 0 , 0 , 0 , 0.5462478184991274 , 0.030303030303030304 , 0.08620689655172414 , 0.2676056338028169 , 0.380499405469679 , 0.4578313253012048 , 0.1323251417769376 , 0.9989177489177489 , 0 , 0 , 0.05333333333333334 , 0 , 0.3873239436619718 , 0 , 
66: 0 , 0 , 0 , 0 , 0 , 0 , 0 , 0 , 0 , 0 , 0.6970338983050848 , 0 , 0 , 0 , 0.8669354838709677 , 0.9647887323943662 , 0 , 0 , 0 , 
67: 0 , 0 , 0 , 0 , 0 , 0 , 0 , 0 , 0 , 0.49242424242424243 , 0.8585178055822906 , 0 , 0 , 0.8885350318471338 , 0.626984126984127 , 0 , 0 , 0 , 0.7777777777777778 , 
68: 0 , 0.5521978021978022 , 0 , 0 , 0 , 0 , 0 , 0 , 0 , 0 , 0 , 0 , 0 , 0 , 0 , 0 , 0.5520504731861199 , 0.9855072463768116 , 0 , 0 , 
69: 0 , 0.9326424870466321 , 0 , 0 , 0 , 1.0 , 0.9926108374384236 , 0 , 0 , 0.007633587786259542 , 
70: 0 , 0 , 0 , 0 , 0 , 0 , 0 , 0 , 0 , 0 , 0 , 0 , 0.9717114568599717 , 0 , 0 , 0 , 0 , 0 , 1.0 , 0.9905660377358491 , 0 , 0 , 0 , 0 , 0.004048582995951417 , 
71: 0 , 0 , 0 , 0 , 0 , 0 , 0 , 0 , 0 , 0.976897689768977 , 0 , 0 , 0 , 1.0 , 0.38513101767215113 , 0 , 0 , 0.2926829268292683 , 0.5792349726775956 , 
72: 0 , 0.967828418230563 , 0 , 0 , 0 , 0 , 0 , 0 , 0 , 0 , 0 , 0 , 0 , 0 , 0.9712746858168761 , 0 , 0.9985052316890882 , 0.9932356257046223 , 0.9622942113648434 , 0 , 0 , 
73: 0 , 0 , 0.6335877862595419 , 0.6030150753768844 , 0 , 0.4132231404958678 , 0 , 
74: 0 , 0 , 0.2625418060200669 , 0 , 0 , 0 , 0 , 0.951417004048583 , 0 , 0.990023023791251 , 0 , 0 , 0.7171620325982742 , 
75: 0 , 0 , 0 , 0 , 0 , 0 , 0 , 0 , 0 , 0 , 0 , 0 , 0 , 0.9416058394160584 , 
76: 0 , 0 , 0 , 0 , 0 , 0 , 0 , 0 , 0 , 0 , 0 , 0 , 0.8444180522565321 , 0.4251968503937008 , 0.9117948717948718 , 0 , 0 , 0 , 1.0 , 0 , 1.0 , 0.9623655913978495 , 0.9206896551724137 , 0.900709219858156 , 0.9903846153846154 , 0.9807692307692307 , 0 , 0 , 
77: 0 , 0 , 0 , 0.7276264591439688 , 0 , 0 , 0.29879679144385024 , 0 , 0 , 0.8972431077694235 , 0 , 0 , 0 , 0.64 , 0.4625 , 0 , 0 , 0.9383297644539614 , 0.75037147102526 , 0 , 0 , 0 , 0.3698630136986301 , 0.8046289993192648 , 0.0001727812014052871 , 
78: 0 , 0 , 0.7357774968394437 , 0 , 0 , 0 , 0 , 0 , 1.0 , 0.9018503620273531 , 
79: 0 , 0.9929078014184397 , 0 , 0 , 0 , 0 , 0 , 0.9990875912408759 , 0.8991596638655462 , 0.907431133888533 , 0.9414634146341463 , 0 , 0 , 0 , 0 , 0.31898238747553814 , 0 , 
80: 0 , 0 , 0 , 0 , 0 , 0 , 0 , 0 , 0 , 0 , 0 , 0 , 0 , 1.0 , 0 , 0.9582309582309583 , 0.9095744680851063 , 0 , 0 , 
81: 0 , 0 , 0 , 0 , 0 , 0 , 0 , 0 , 0 , 0 , 0 , 0 , 0 , 
82: 0 , 0 , 0 , 0 , 0 , 0 , 0 , 1.0 , 0.9660018132366274 , 0 , 1.0 , 0 , 
83: 0 , 0 , 0 , 0 , 0 , 0 , 0 , 0 , 0.6261682242990654 , 0.9034965034965035 , 0.8676470588235294 , 0 , 0 , 0 , 0 , 0 , 0 , 0 , 0 , 0 , 
84: 0 , 0.6149732620320856 , 0 , 0.927536231884058 , 0 , 0.989041095890411 , 0.978441127694859 , 0.9436435124508519 , 0 , 0 , 
85: 0 , 0 , 0 , 0 , 0 , 0 , 0 , 0 , 0 , 0 , 1.0 , 0.9781196581196581 , 0 , 0 , 0 , 0 , 0 , 0 , 0 , 0 , 1.0 , 0 , 0 , 0 , 0 , 0 , 0 , 
86: 0 , 0 , 0 , 0 , 0 , 0.9240506329113924 , 0 , 0 , 0 , 0 , 0 , 0 , 0 , 0 , 0 , 0 , 0 , 0 , 0 , 0 , 0.793141592920354 , 0.895870736086176 , 0 , 0 , 0 , 0.29357798165137616 , 0.3671875 , 0.894141829393628 , 0 , 
87: 0 , 0 , 0 , 0 , 0 , 0 , 0 , 0 , 0 , 0 , 0 , 0 , 0 , 0 , 0.15 , 0 , 0.3665480427046263 , 0 , 0 , 0 , 0 , 0.0008784071550255537 , 0.4899845916795069 , 0 , 0.8679245283018868 , 0.6850828729281768 , 0 , 0 , 0 , 0 , 0 , 0 , 0.30952380952380953 , 0 , 0 , 0 , 
88: 0 , 0 , 0 , 0 , 0 , 0 , 0 , 0.5676855895196506 , 0 , 0 , 0 , 0 , 0 , 0 , 0.5474631751227496 , 0 , 0 , 0 , 0 , 1.0 , 0 , 0 , 0 , 0 , 0.6875 , 
89: 0 , 0 , 0.991332611050921 , 0 , 0.9894608836643697 , 0.9282945736434108 , 0 , 0 , 
90: 0 , 0 , 0 , 0 , 0.5325443786982249 , 0 , 0 , 0 , 0 , 0.9881291547958214 , 0 , 0 , 1.0 , 0 , 0 , 0.08108108108108109 , 
91: 0 , 0.9943518020441098 , 0.6353591160220995 , 1.0 , 0 , 0 , 0 , 0 , 0.9812646370023419 , 0 , 0.7297297297297297 , 0 , 
92: 0 , 0 , 0 , 0 , 0 , 0 , 0 , 0.1282051282051282 , 0 , 0 , 0 , 0 , 0.41134751773049644 , 0.54421768707483 , 0 , 0 , 0 , 0.00975609756097561 , 0.9797120418848168 , 0 , 0.1 , 0.600611620795107 , 0 , 
93: 0 , 0 , 0 , 0 , 0 , 0 , 0 , 0 , 0 , 0 , 0 , 0 , 0.9361702127659575 , 0.9008016032064128 , 0.9929309407286568 , 0 , 0 , 0.8229508196721311 , 0.90625 , 
94: 0 , 0 , 0.022727272727272728 , 0 , 0 , 0 , 0 , 0 , 0 , 0 , 0 , 0.8378378378378378 , 0.9683794466403162 , 0.9887218045112782 , 0.9889756545705098 , 0.6878980891719745 , 0.0020208023774145618 , 0.5010548523206751 , 0 , 0 , 0.2985938792390405 , 0 , 
95: 0 , 0 , 0 , 0 , 0.18333333333333332 , 0 , 0 , 0 , 0 , 0 , 0.46380697050938335 , 0.41435897435897434 , 0 , 0 , 0 , 0.28346456692913385 , 0.7777777777777778 , 0 , 0.32867132867132864 , 0 , 0 , 0 , 0.9724349157733537 , 0.9080962800875274 , 0.8961038961038961 , 0.9173913043478261 , 0 , 0.9357798165137615 , 0 , 
96: 0 , 0 , 0 , 0 , 0 , 0 , 0 , 0 , 0 , 0 , 0 , 0 , 0 , 0 , 0.9988066825775657 , 0.9269005847953217 , 0 , 0.706766917293233 , 0 , 0 , 0 , 
97: 0 , 0 , 0 , 0 , 0 , 0 , 0 , 0.3652173913043478 , 0.5904761904761905 , 0 , 0.46274217585692995 , 0 , 0 , 0 , 0 , 0 , 0 , 0 , 0 , 0.9692307692307692 , 0 , 0 , 1.0 , 0.7946428571428571 , 0.39893126957803576 , 0 , 0 , 0 , 0.46017699115044247 , 
98: 0 , 0 , 0 , 0 , 0 , 0 , 0 , 0 , 0.541033434650456 , 1.0 , 0.8772378516624041 , 0.9136807817589576 , 0 , 0 , 0 , 
99: 0 , 0 , 0 , 0.7574893009985735 , 0.8887443070917371 , 0.6810551558752997 , 0.9933645589383294 , 0 , 0.7740440324449595 , 0.8239178283198826 , 
100: 0 , 0 , 0 , 0 , 0 , 0 , 0 , 0 , 0 , 0 , 0 , 0 , 0 , 0.9874182184197282 , 0 , 0 , 0.7576677801396903 , 0.34615384615384615 , 0.9294117647058824 , 0 , 
101: 0 , 0 , 0 , 0 , 0 , 0 , 0 , 0 , 1.0 , 0.9237152888605171 , 0 , 0 , 0 , 0 , 
102: 0 , 0 , 0 , 0 , 0 , 0 , 0 , 0 , 0.9527131782945737 , 0 , 0 , 0 , 0 , 0 , 
103: 0 , 0.9788732394366197 , 0 , 0 , 0.9401473296500921 , 0.8596112311015118 , 0.6965620328849028 , 0 , 0 , 0 , 0 , 0 , 0 , 0 , 0 , 0 , 0 , 0 , 0 , 0 , 0 , 0.9299065420560748 , 0 , 0 , 0 , 0 , 0.9849435382685069 , 0 , 0 , 0 , 0.6138545953360768 , 0 , 0.014285714285714285 , 
104: 0 , 0 , 0 , 0 , 0 , 0.992743607463718 , 0 , 0 , 0 , 0 , 0 , 
105: 0 , 0 , 0 , 0 , 0 , 0 , 0.5132743362831859 , 0 , 0.7899159663865546 , 0 , 0 , 0 , 0.9751280175566935 , 0.8549222797927462 , 0 , 0 , 0 , 0 , 0 , 
106: 0 , 0 , 0 , 
107: 0 , 0 , 0 , 0 , 0 , 0.963162623539982 , 0 , 0 , 0 , 0 , 0 , 0 , 0.07894736842105263 , 0 , 1.0 , 0.9964200477326969 , 0.9993293091884641 , 
108: 0 , 0.5880861850443599 , 0.7626321974148061 , 0 , 0 , 0 , 0 , 0 , 0 , 0.12121212121212122 , 0.980246913580247 , 0 , 0 , 0 , 0 , 0 , 0 , 0 , 0 , 0.9118046132971506 , 0 , 0 , 0 , 0 , 0 , 0.824468085106383 , 0.6214285714285714 , 
109: 0 , 0 , 0 , 0 , 0 , 0 , 0 , 0 , 0.7341772151898734 , 0 , 0 , 0 , 0 , 0.6544117647058824 , 0.8777173913043478 , 0 , 0 , 0 , 0 , 0 , 1.0 , 0 , 0 , 0.9136513157894737 , 
110: 0 , 0 , 0 , 0 , 0 , 0 , 0 , 0 , 0 , 0 , 0 , 0 , 0 , 0.9740088105726872 , 1.0 , 0 , 0.9945054945054945 , 0 , 0 , 0 , 0 , 
111: 0 , 0 , 0 , 0 , 0 , 0 , 0.5871313672922251 , 0 , 0 , 0 , 0 , 0 , 0 , 0 , 0 , 0.9806013579049466 , 0 , 0 , 0 , 1.0 , 0 , 
112: 0 , 0 , 0 , 0 , 0 , 0 , 0 , 0 , 0 , 0 , 0 , 0 , 0.9734513274336283 , 0 , 0 , 0 , 0 , 0 , 1.0 , 0.9806949806949807 , 0 , 0.8688172043010752 , 0 , 0 , 0 , 0 , 0 , 0 , 0 , 0 , 0 , 0.7635270541082164 , 
113: 0 , 0 , 0 , 0 , 0 , 0 , 0 , 0 , 0.7477064220183486 , 0 , 0 , 0 , 0 , 0 , 0 , 0.9322533136966127 , 0.16019159127195318 , 0 , 0 , 0.43137254901960786 , 
114: 0 , 0 , 0 , 1.0 , 1.0 , 0.9947169811320755 , 0 , 
115: 0 , 0 , 0 , 0 , 0 , 0 , 0 , 0 , 0.9991967871485944 , 0 , 0 , 1.0 , 0 , 0 , 
116: 0 , 0 , 0 , 0 , 0 , 0 , 0 , 0 , 0 , 0 , 0 , 0 , 0.9568345323741008 , 0.9971181556195965 , 0.9873990306946688 , 0.9961685823754789 , 
117: 0 , 0 , 0 , 0.6644736842105263 , 0.8842105263157894 , 0 , 0 , 0.9729468599033816 , 0 , 0.36774193548387096 , 
118: 0 , 0 , 0 , 0 , 0 , 0 , 0 , 0 , 0 , 0 , 0 , 0 , 0 , 0 , 0 , 0 , 0.988909426987061 , 0.9951499118165785 , 
119: 0 , 0.7333333333333333 , 0.9786324786324786 , 0.9044117647058824 , 0 , 0 , 0.8984924623115578 , 0 , 0.9953917050691244 , 0.8729411764705882 , 0 , 0 , 0 , 0.8975409836065574 , 
120: 0 , 0 , 0 , 0 , 0 , 0 , 0 , 0 , 0 , 0 , 0 , 0.9970951343500363 , 0.9820531227566404 , 0 , 
121: 0 , 0 , 0 , 0 , 0 , 0 , 0.9166666666666666 , 0.5740072202166066 , 0 , 0 , 0 , 0 , 0 , 0 , 0 , 0 , 0 , 
122: 0 , 0 , 0 , 0 , 0 , 0 , 0 , 0 , 0 , 0.9582384206529992 , 0.8786407766990292 , 0 , 0 , 0 , 0 , 0.9878048780487805 , 0 , 0 , 0 , 0.9440389294403893 , 0 , 0 , 
123: 0 , 0 , 0 , 0.8502673796791443 , 0.9894219871552701 , 0.9961685823754789 , 0 , 
124: 0 , 0 , 0.8623693379790941 , 0.013043478260869565 , 0.9372693726937269 , 0.9797979797979798 , 0 , 0 , 0.8742857142857143 , 
125: 0 , 0 , 0 , 0 , 0.9535655058043118 , 0 , 0.9652265542676501 , 0.9777777777777777 , 0 , 0 , 0 , 0 , 0 , 0.9937353171495693 , 0 , 0.8960573476702509 , 
126: 0 , 0 , 0 , 0 , 0 , 0 , 0 , 0.45149253731343286 , 0 , 0 , 0 , 0.4848137535816619 , 0 , 0 , 0.0022252781597699714 , 0.4702702702702703 , 0 , 0 , 0.9148148148148149 , 0 , 0.6142857142857143 , 0 , 0.6477011494252873 , 0 , 0 , 0.051094890510948905 , 
127: 0 , 0 , 0 , 0 , 0 , 0 , 0 , 0 , 1.0 , 0 , 0.5340751043115438 , 0.7493975903614458 , 0 , 0 , 0 , 0 , 0 , 0 , 0 , 0 , 0 , 0 , 0.5409448818897638 , 0 , 0 , 0 , 0.6951219512195121 , 0.6701754385964912 , 0.7053364269141531 , 0.8482758620689655 , 
128: 0 , 0.6247755834829444 , 0 , 0 , 0 , 0 , 0 , 0 , 1.0 , 0 , 0 , 0 , 0.9655737704918033 , 0.9686274509803922 , 0.9873015873015873 , 0.9742007851934941 , 0.9478155339805825 , 0.9369527145359019 , 
129: 0 , 0 , 0 , 0 , 0 , 0 , 0 , 0 , 0 , 0 , 0.4910313901345291 , 0.7395833333333334 , 0 , 0 , 0 , 0.8330037749415783 , 0 , 0 , 0 , 0 , 0.6428571428571429 , 0.6380208333333334 , 
130: 0 , 0 , 0 , 0 , 0.6062992125984252 , 0 , 0 , 0 , 0 , 0 , 0 , 0 , 0 , 0 , 0 , 0 , 0 , 0 , 0 , 0.9174041297935103 , 0 , 0 , 0 , 0 , 0 , 0 , 0 , 
131: 0 , 0 , 0 , 0 , 0 , 0 , 0 , 0.8687238493723849 , 0 , 0 , 0 , 0 , 0 , 0 , 1.0 , 0.9836065573770492 , 1.0 , 0.025423728813559324 , 0.9923710711016174 , 0 , 0 , 0 , 0 , 
132: 0 , 0 , 0 , 0 , 0 , 0.06933744221879815 , 0 , 0 , 0 , 0 , 0 , 0 , 0 , 0 , 0 , 0 , 0 , 0 , 0 , 0 , 0 , 0 , 1.0 , 0.9602649006622517 , 0 , 0.8575233022636485 , 
133: 0 , 0 , 0 , 0 , 0 , 0 , 0 , 0 , 0.9536423841059603 , 0.9787234042553191 , 0.8664987405541562 , 0 , 0 , 
134: 0 , 0 , 0 , 0 , 0 , 0 , 0 , 0 , 0 , 1.0 , 0 , 0 , 0.9798657718120806 , 1.0 , 0.7278493557978196 , 0 , 0 , 
135: 0 , 0 , 0 , 0 , 0 , 0 , 0 , 0 , 0 , 0.9448818897637795 , 0 , 0 , 0 , 0 , 0 , 1.0 , 0 , 
136: 0 , 0 , 0 , 0.9914748508098892 , 0.9540229885057471 , 0 , 1.0 , 0 , 
137: 0 , 0.743859649122807 , 0 , 0 , 0 , 0 , 0 , 0 , 0 , 0 , 0 , 0 , 0 , 0 , 0 , 0 , 0 , 0 , 0 , 1.0 , 0.9871244635193133 , 0 , 0 , 0.8526048284625158 , 0.8592848904267589 , 0.007782101167315175 , 0 , 0.33518005540166207 , 0 , 0.6346153846153846 , 
138: 0 , 0.21551724137931033 , 0 , 0 , 0 , 0 , 0 , 0 , 0 , 0 , 0 , 0 , 0 , 0 , 0.8269230769230769 , 0 , 0.4801762114537445 , 1.0 , 0 , 0 , 0 , 0.3744394618834081 , 0 , 0 , 
139: 0 , 0 , 0 , 0 , 0 , 0 , 0 , 0 , 0 , 0 , 0.9294062646096307 , 0 , 0 , 0 , 0 , 0 , 0 , 0 , 1.0 , 0.9407965554359526 , 0 , 0 , 0 , 0.5569620253164557 , 
140: 0 , 0 , 0 , 0 , 0 , 0.00684931506849315 , 0.8954545454545455 , 0.6046511627906976 , 0.24598930481283424 , 0 , 0.6544502617801047 , 0.6183206106870229 , 0 , 0 , 0 , 
141: 0 , 0 , 0.03076923076923077 , 0 , 0 , 0 , 0.9511278195488722 , 0 , 0 , 0 , 0 , 0 , 0 , 0 , 
142: 0 , 0.8877551020408163 , 0 , 0 , 0 , 0 , 0 , 1.0 , 0 , 0.9991645781119465 , 0 , 0 , 0 , 0 , 0 , 0 , 
143: 0 , 0 , 0 , 0 , 0 , 0 , 0 , 0 , 0 , 0 , 0 , 0 , 0 , 0.950920245398773 , 0 , 0 , 0 , 
144: 0 , 0 , 0 , 0 , 0.6137071651090342 , 0 , 0.8990384615384616 , 0.9905973451327433 , 0 , 0 , 0 , 
145: 0 , 0 , 0 , 0 , 0 , 0 , 0 , 0 , 0 , 0.8508771929824561 , 0 , 0 , 
146: 0 , 0 , 0 , 0.7301587301587301 , 0 , 0 , 0 , 0 , 0 , 0 , 0 , 0 , 0 , 0 , 0 , 0 , 0 , 0 , 0 , 0 , 0 , 0 , 
147: 0 , 0 , 0 , 0 , 0.08771929824561403 , 0 , 0.7621359223300971 , 0 , 0 , 0 , 0 , 1.0 , 0.9467414155571128 , 0.04132163646798393 , 0.017467248908296942 , 0 , 0.8089887640449438 , 0.8426395939086294 , 0.7986111111111112 , 0.4885057471264368 , 
148: 0 , 0 , 0 , 0 , 0 , 0 , 0 , 0.45016077170418006 , 0 , 0.062111801242236024 , 0 , 0 , 0.030837004405286344 , 0 , 0.1741431451612903 , 0.000364963503649635 , 0.013888888888888888 , 0.16666666666666666 , 0 , 0.896551724137931 , 
149: 0 , 0 , 0 , 0 , 0 , 0 , 0 , 0 , 0 , 0 , 0 , 0.8388791593695272 , 0.9915254237288136 , 0.8847072879330944 , 0 , 0 , 0 , 
150: 0 , 0 , 0 , 0 , 0 , 0 , 0 , 0 , 0 , 0 , 0 , 0 , 0 , 0 , 0.25 , 0.9170918367346939 , 0.90625 , 1.0 , 0 , 0 , 
151: 0 , 0 , 0 , 0 , 0 , 0 , 0.5617977528089888 , 0 , 0 , 0 , 0 , 0 , 0 , 0 , 0 , 0 , 0 , 0 , 0 , 0 , 0 , 0 , 0 , 0 , 0.5276595744680851 , 0 , 
152: 0 , 0 , 0 , 0 , 0 , 0 , 0 , 0 , 0 , 0 , 0 , 1.0 , 0 , 0.9960474308300395 , 0 , 0.9746233148295004 , 0 , 0 , 
153: 0 , 0 , 1.0 , 0.9495412844036697 , 0 , 0.11888111888111888 , 0 , 0 , 0 , 1.0 , 0 , 0 , 0 , 0.9982456140350877 , 1.0 , 0 , 1.0 , 0.057803468208092484 , 0.7666666666666667 , 0.9230769230769231 , 
154: 0 , 0 , 0 , 0 , 0 , 0 , 0 , 0 , 0 , 0 , 0 , 0 , 0 , 0 , 0 , 0.9946236559139785 , 0 , 0 , 1.0 , 0 , 
155: 0 , 0.9813664596273292 , 0.9941520467836257 , 0 , 0.6728260869565217 , 
156: 0 , 0.043478260869565216 , 0.5284227381905524 , 0 , 0 , 0.6026315789473684 , 0 , 0 , 0 , 0 , 0 , 0 , 0 , 0 , 0 , 0 , 0.6996904024767802 , 0 , 0 , 0 , 0 , 0.9946702198534311 , 0 , 0 , 0.84 , 
157: 0 , 0 , 0 , 0 , 0 , 0 , 0 , 0 , 0 , 0 , 0 , 0 , 0.008245877061469266 , 0 , 0 , 0 , 0 , 0 , 0.6909090909090909 , 0.7445141065830722 , 0 , 0.5945945945945946 , 0 , 0.9982375749030666 , 0 , 0 , 0 , 0 , 0 , 0.0010747109398161873 , 0 , 0.04878048780487805 , 0.590760615958936 , 0 , 
158: 0 , 0 , 0 , 0.9291338582677166 , 0 , 
159: 0 , 0 , 0 , 0 , 0 , 0 , 0 , 1.0 , 0 , 0.991324200913242 , 0 , 0 , 0 , 0 , 0 , 0 , 0.8886649874055416 , 1.0 , 
160: 0 , 0 , 0 , 0.5350877192982456 , 0 , 0 , 0 , 0.5958844133099825 , 0 , 0 , 0 , 0 , 0.0035714285714285713 , 0 , 0 , 0 , 0 , 0 , 0 , 0.9257400903161064 , 
161: 0 , 0 , 0.9845769070446019 , 
162: 0 , 0 , 0 , 0 , 0 , 0 , 0 , 0 , 0 , 0 , 0 , 0 , 0 , 
163: 0 , 0 , 0 , 0.16666666666666666 , 0 , 0 , 0 , 0 , 0 , 0 , 0.9562081401339516 , 0.9800796812749004 , 0.9974226804123711 , 0 , 
164: 0 , 1.0 , 1.0 , 0.00014323774601082877 , 0.9824561403508771 , 0.41196464989802856 , 1.0 , 0.5880758807588076 , 0.9743062692702981 , 0.9568899153194765 , 0 , 0 , 
165: 0 , 0.6232980332829047 , 0 , 0 , 0.6206896551724138 , 0.8888888888888888 , 
166: 0 , 0 , 0 , 0 , 0 , 0 , 0 , 0 , 0 , 1.0 , 0.561898211829436 , 1.0 , 0 , 0 , 0 , 0 , 0 , 0 , 0 , 0.6975178796802692 , 0.9234338747099768 , 0 , 
167: 0 , 0.956989247311828 , 0 , 0 , 0 , 0 , 0 , 0 , 0 , 0 , 0 , 0 , 0 , 0.05 , 0.9927536231884058 , 0.9901960784313726 , 0.9973579920739762 , 0.8813559322033898 , 0.9708029197080292 , 0.6062870394228291 , 0 , 0 , 0 , 
168: 0 , 0 , 0 , 0 , 0 , 0 , 0 , 0 , 0 , 0 , 0 , 0 , 0 , 0 , 0.8888888888888888 , 0 , 0 , 8.141333550435561e-05 , 0.6646292851448312 , 0 , 0 , 0 , 0 , 0 , 0 , 
169: 0 , 0 , 0 , 0 , 0.9920634920634921 , 0 , 0 , 0.9659239842726082 , 0.4108731466227348 , 0 , 0.9956521739130435 , 0.9790301441677588 , 
170: 0 , 0 , 0 , 0 , 0 , 0 , 0 , 0.5482204362801377 , 1.0 , 0.703030303030303 , 0 , 0.6642778390297684 , 1.0 , 0 , 0 , 0 , 
171: 0 , 0 , 0 , 0.6859504132231405 , 0 , 0 , 0 , 0 , 0 , 0 , 0 , 0 , 0.9055555555555556 , 0.9404186795491143 , 0.9140811455847255 , 0 , 0 , 0 , 0 , 0 , 0.9840425531914894 , 0 , 
172: 0 , 0 , 0 , 0.9267900241351569 , 0.9513836948391923 , 0 , 0.26420454545454547 , 0 , 0.5 , 
173: 0 , 0 , 0 , 0 , 0 , 0 , 1.0 , 0 , 0.9922680412371134 , 0.9720464135021097 , 0.7484662576687117 , 0 , 0 , 
174: 0 , 0 , 0 , 0 , 0.9292035398230089 , 0 , 0 , 0 , 0 , 
175: 0 , 0 , 0 , 0 , 0.5338345864661654 , 0 , 0 , 0 , 0 , 0 , 1.0 , 0.9955232232792389 , 0 , 0 , 0 , 0 , 0 , 0 , 0.4076190476190476 , 
176: 0 , 0 , 0 , 0 , 0 , 0 , 0 , 0 , 0.020100502512562814 , 1.0 , 
177: 0 , 0 , 0 , 0 , 0.6392020815264527 , 0 , 0 , 0 , 0 , 0 , 0 , 0 , 0 , 0 , 0 , 0 , 0 , 0 , 0 , 0 , 0.6728971962616822 , 0 , 0.9853528628495339 , 0 , 0 , 0 , 0 , 0 , 0 , 0 , 0 , 0 , 0 , 0 , 0 , 0 , 0 , 0 , 0 , 
178: 0 , 0 , 0 , 0.9190140845070423 , 0 , 0.9576271186440678 , 0.0975609756097561 , 0 , 0 , 0.9977973568281938 , 0.9993846784945134 , 0 , 0 , 0.643764002987304 , 0.8847352024922118 , 
179: 0 , 0 , 0 , 0 , 0 , 0 , 0.6 , 0 , 0 , 0.3215962441314554 , 0 , 0 , 0 , 0 , 0 , 0 , 1.0 , 0 , 0.9939759036144579 , 0 , 
180: 0 , 0 , 0 , 0 , 0 , 1.0 , 0.9894578313253012 , 1.0 , 0.7377049180327869 , 
181: 0 , 0.9481481481481482 , 0.9363636363636364 , 0 , 0 , 0 , 0 , 0 , 0 , 0 , 0.934156378600823 , 0 , 
182: 0 , 0 , 0 , 0 , 0 , 0 , 0 , 0 , 0 , 0 , 0 , 0 , 0 , 0 , 0 , 0 , 0 , 1.0 , 0.92 , 0.9331381161542216 , 0.9178082191780822 , 0 , 0 , 
183: 0 , 0 , 0 , 0.6170940170940171 , 0 , 0.94140625 , 0 , 0 , 0 , 0 , 0 , 0 , 0.006756756756756757 , 0 , 0.6470588235294118 , 0.7923976608187134 , 0 , 0 , 0 , 0.5125 , 
184: 0 , 0 , 0 , 0 , 0 , 0 , 0 , 0 , 0 , 0 , 0 , 0 , 0 , 0 , 0 , 0 , 0 , 0 , 0 , 0 , 0 , 0 , 0.9621591541457986 , 0 , 0.935361216730038 , 0 , 0.7561837455830389 , 0 , 0 , 0 , 
185: 0 , 0 , 0 , 0.9904458598726115 , 0 , 0 , 0 , 0 , 0 , 0 , 0.008695652173913044 , 0 , 0 , 
186: 0 , 0 , 0 , 0 , 0.26527196652719665 , 0.6394279877425945 , 0 , 0 , 0.8356643356643356 , 0 , 0 , 0 , 1.0 , 0.22676579925650558 , 0 , 0 , 0.7207357859531772 , 0.6907216494845361 , 0.7542372881355932 , 
187: 0 , 0.9605263157894737 , 0 , 0 , 0 , 0 , 0 , 0 , 0 , 0 , 0 , 0 , 0 , 0 , 0 , 0 , 0 , 0 , 1.0 , 0.9586776859504132 , 0 , 0 , 0 , 0 , 0 , 0 , 0 , 0 , 0.9064143007360673 , 0 , 0.99375 , 0.7893660531697342 , 0 , 0.7859730848861284 , 
188: 0 , 0 , 0 , 0 , 0 , 0 , 0 , 0 , 0 , 0 , 0 , 0 , 0.9305555555555556 , 0.9591836734693877 , 0.938375350140056 , 0.8578512396694215 , 0.913245873889124 , 0 , 0 , 0 , 
189: 0 , 0.5134670487106017 , 0 , 0.8040173724212812 , 
190: 0 , 0.8492063492063492 , 0.4730660186310247 , 0.936 , 0 , 0.9544764795144158 , 0 , 0 , 0 , 0 , 0 , 0 , 0 , 0 , 0 , 0 , 0 , 0 , 0 , 0 , 0 , 0 , 0 , 0 , 0 , 0 , 0.837620578778135 , 
191: 0 , 0 , 0 , 0 , 0 , 0 , 0 , 0 , 0 , 0 , 0 , 0 , 0 , 0 , 0 , 0.8666666666666667 , 0.9326298701298701 , 0 , 0.40992167101827676 , 0.49572649572649574 , 0 , 0.6103202846975089 , 
192: 0 , 0 , 0 , 0 , 0 , 0 , 0 , 0 , 0 , 0 , 0 , 0 , 0 , 0 , 
193: 0 , 0.7241379310344828 , 0.6488730723606169 , 0.9878306878306878 , 0.9709450830140486 , 
194: 0 , 0 , 0.036036036036036036 , 0 , 0 , 0.41254125412541254 , 0.5637583892617449 , 0.8805031446540881 , 0 , 0 , 0 , 0 , 0.9679919137466307 , 0 , 0 , 0 , 0.5753424657534246 , 
195: 0 , 0 , 0.9977281838834692 , 0 , 0.7172413793103448 , 0 , 0.987465940054496 , 0.9243295019157088 , 
196: 0 , 0 , 0 , 0 , 0 , 0 , 0 , 0 , 0 , 0 , 0 , 0 , 0 , 0 , 0 , 0 , 0.3 , 0 , 0 , 0.9230769230769231 , 0 , 0.9034064395706953 , 0 , 0 , 0 , 0 , 0 , 0.7520661157024794 , 0 , 
197: 0 , 0 , 0 , 0 , 0 , 0 , 0 , 0 , 0 , 0 , 0 , 0 , 0 , 0.7522644927536232 , 0.0410958904109589 , 0.9418604651162791 , 0 , 
198: 0 , 0 , 0.0015220700152207 , 0 , 0.1015625 , 0 , 0.6682027649769585 , 0.5194929442717053 , 0 , 0 , 0 , 0.981245311327832 , 
199: 0 , 0 , 0 , 0 , 0 , 0 , 0 , 0 , 
200: 0 , 0 , 0 , 0 , 0 , 0 , 0 , 0.9882352941176471 , 0 , 0.4844559585492228 , 0 , 0 , 0 , 0 , 0 , 0 , 0 , 0.9777777777777777 , 0.9924186842748839 , 0 , 
201: 0 , 0 , 0 , 0 , 0 , 0 , 0 , 0 , 0 , 0 , 0.031578947368421054 , 0 , 0 , 0 , 0 , 0.726530612244898 , 0.7926829268292683 , 0.5617977528089888 , 0.963265306122449 , 0.6787878787878788 , 0.07792207792207792 , 0.6747376916868443 , 0 , 
202: 0 , 0 , 0 , 0 , 0 , 0 , 0.536309127248501 , 0.5420928402832416 , 0 , 0.9868421052631579 , 0.646551724137931 , 0 , 0 , 0 , 0 , 0 , 0 , 0 , 0 , 0.4953271028037383 , 0 , 0 , 0 , 0 , 0 , 0.04419889502762431 , 0 , 0 , 0 , 
203: 0 , 0 , 0 , 0 , 0.9523809523809523 , 0 , 0.0125 , 0.3956043956043956 , 0 , 0.84 , 0 , 0.4147727272727273 , 0.856 , 1.0 , 0 , 0 , 0.03134796238244514 , 0 , 0 , 0 , 0 , 0.7428198433420365 , 
204: 0 , 0 , 0 , 0 , 0.8427086110370567 , 1.0 , 
205: 0 , 0.87248322147651 , 1.0 , 0 , 0 , 0 , 0.9679012345679012 , 1.0 , 0 , 0.25757575757575757 , 0 , 0 , 
206: 0 , 0 , 0 , 0 , 0.9804469273743017 , 0 , 0 , 0 , 0 , 0 , 0 , 0 , 0 , 0 , 0 , 0 , 0.9666666666666667 , 0 , 0.6627906976744186 , 0.9797979797979798 , 0.49504132231404957 , 0 , 0 , 0 , 0 , 0 , 0.6860215053763441 , 0 , 0 , 0 , 
207: 0 , 0 , 0 , 0 , 0 , 0 , 0 , 0.44419134396355353 , 0 , 0 , 0.043209876543209874 , 0.47870021795125817 , 0.9230769230769231 , 1.0 , 0.08238144686742818 , 0.9685892228540482 , 0 , 0 , 0 , 1.0 , 0.9641873278236914 , 0 , 
208: 0 , 0.5922587486744433 , 0.8211920529801324 , 0.9762611275964391 , 0.9915897435897436 , 0.0013901760889712697 , 0 , 0.7717041800643086 , 
209: 0 , 0 , 0 , 0 , 0 , 0 , 0 , 0 , 0 , 0 , 0 , 0.967741935483871 , 0 , 0 , 0.013574660633484163 , 0 , 0 , 0 , 0.9018952062430323 , 0 , 
210: 0 , 0 , 0 , 0 , 0 , 0 , 0 , 0 , 0 , 0 , 0 , 0 , 0 , 0 , 0 , 0 , 0 , 0.8643533123028391 , 0.8861386138613861 , 0 , 0.6504910456383594 , 0 , 1.0 , 
211: 0 , 0 , 0 , 0 , 0 , 0 , 0.006172839506172839 , 0 , 0 , 0 , 0 , 0 , 0 , 0.7379679144385026 , 0.9781818181818182 , 0.9951330304996755 , 0 , 1.0 , 0 , 0 , 0 , 
212: 0 , 0 , 0 , 0.897196261682243 , 0.8296296296296296 , 0 , 0 , 0 , 0 , 0 , 0 , 0 , 0 , 0 , 0 , 
213: 0 , 0 , 0 , 0.7031963470319634 , 0 , 0 , 0 , 0.9983579638752053 , 0 , 0 , 0 , 0 , 
214: 0 , 0.9078014184397163 , 0.2243797195253506 , 0.15217391304347827 , 0.9523809523809523 , 0 , 0 , 0 , 0.9696969696969697 , 0.5197368421052632 , 0 , 0.24177739054672184 , 0.004878048780487805 , 0.5998617829993089 , 0.6494845360824743 , 0 , 
215: 0 , 0 , 0 , 0 , 0 , 0 , 0 , 0 , 0 , 0 , 0 , 0 , 1.0 , 0 , 0 , 0 , 0 , 0 , 0.8272727272727273 , 0 , 0 , 
216: 0 , 0 , 0 , 0 , 0 , 0 , 0.028985507246376812 , 0.3938260056127222 , 0 , 0 , 0 , 0 , 0 , 0 , 0 , 0 , 0 , 0 , 0 , 0 , 0.9940870811682494 , 0.9674418604651163 , 
217: 0 , 0 , 0 , 0 , 0 , 0 , 0 , 0 , 0 , 0 , 0 , 0 , 0 , 0 , 0 , 0 , 0 , 0 , 0 , 0 , 0 , 0 , 0 , 0 , 0.5622356495468278 , 0.810379241516966 , 0 , 0 , 0 , 0 , 0 , 0 , 0 , 0.6774193548387096 , 0.9504950495049505 , 0.8733333333333333 , 0 , 
218: 0 , 0 , 0 , 0 , 0 , 0 , 0 , 0 , 0.9257990867579908 , 0.7307692307692307 , 0 , 0 , 0 , 0 , 0.9640718562874252 , 0 , 0 , 
219: 0 , 0.012195121951219513 , 0.25472047389855607 , 0 , 0.026755852842809364 , 0.0099601593625498 , 0.0039032006245121 , 0.37662337662337664 , 
220: 0 , 0.94 , 0 , 0 , 0.9982142857142857 , 0 , 0 , 0 , 0 , 0.9723849372384937 , 0.9878553684791609 , 0 , 0.7176470588235294 , 
221: 0 , 0 , 0 , 0.7810650887573964 , 0 , 0 , 0 , 0 , 0 , 0 , 0 , 0 , 0 , 0 , 0 , 0 , 0 , 0 , 0 , 
222: 0 , 0 , 0 , 0 , 0 , 0 , 0 , 0.08873720136518772 , 0.9769357495881383 , 0.9861495844875346 , 0.012154696132596685 , 
223: 0 , 0 , 0 , 0 , 0 , 0 , 
224: 0 , 0 , 0 , 0 , 0 , 0 , 0 , 0 , 0 , 0.970954356846473 , 0.9102818578801112 , 0.9806338028169014 , 0 , 0 , 0 , 0 , 0 , 0 , 
225: 0 , 0 , 0 , 0 , 0 , 0 , 0 , 1.0 , 0.9993141289437586 , 1.0 , 0.7450980392156863 , 0.6622950819672131 , 
226: 0 , 0 , 0 , 0.010752688172043012 , 0.8404907975460123 , 0.6095238095238096 , 0 , 0 , 0 , 0 , 0 , 0 , 0 , 0.887719298245614 , 
227: 0 , 0 , 0 , 0 , 0 , 0 , 0 , 1.0 , 
228: 0 , 0.9473684210526315 , 0.9870486656200942 , 0.9701986754966887 , 0.9449602122015915 , 0 , 0 , 0 , 
229: 0 , 0 , 0 , 0 , 0 , 0 , 0 , 0 , 0 , 0 , 0 , 0 , 0 , 0 , 1.0 , 0 , 
230: 0 , 0 , 0.6160714285714286 , 0 , 0 , 0 , 0 , 0 , 0.8782608695652174 , 0.7968253968253968 , 0 , 0.7276240846216436 , 0.6990291262135923 , 0 , 0 , 0 , 
231: 0 , 0 , 0 , 0 , 0 , 0 , 0 , 0 , 0 , 0.4894366197183099 , 0 , 0.03088803088803089 , 0.7521631644004945 , 0 , 0.039711191335740074 , 0.6320484230646702 , 1.0 , 0.9946984758117959 , 0.45689655172413796 , 0.8113207547169812 , 0.4279835390946502 , 0 , 0 , 0 , 0 , 0 , 0 , 0 , 0 , 0 , 0 , 0 , 
232: 0 , 0 , 0 , 0.5154639175257731 , 0 , 0 , 0.9825174825174825 , 0 , 0 , 0 , 
233: 0 , 0.7317939609236235 , 1.0 , 0 , 0.9312039312039312 , 0.9624472573839662 , 0.9767211490837048 , 0 , 0 , 0 , 0 , 1.0 , 1.0 , 0.9891186071817193 , 0 , 
234: 0 , 0.8508771929824561 , 0.7677419354838709 , 0 , 0.2503128911138924 , 0 , 0 , 0.6860158311345647 , 0.016129032258064516 , 0.8518518518518519 , 0 , 0.7197452229299363 , 0 , 0 , 0.037037037037037035 , 0.003861003861003861 , 0 , 0.8598130841121495 , 0 , 0.6118980169971672 , 0.7100840336134454 , 0 , 0.39080459770114945 , 
235: 0 , 1.0 , 0.659217877094972 , 0 , 0 , 0 , 1.0 , 0 , 0 , 0.7361912613355317 , 
236: 0 , 0 , 0.9972375690607734 , 0.9859154929577465 , 0.7141136318008432 , 0.9889705882352942 , 0.9655754303071211 , 
237: 0 , 0 , 0 , 0 , 0.9094076655052264 , 0 , 0 , 0 , 0 , 0 , 0 , 0.010471204188481676 , 0 , 0 , 0 , 0 , 1.0 , 0.849624060150376 , 0.8930817610062893 , 0 , 0 , 0.9894319682959049 , 0.8187106156083374 , 0 , 1.0 , 
238: 0 , 0 , 0.4291845493562232 , 
239: 0 , 0 , 0 , 0 , 0 , 0.38461538461538464 , 0 , 0 , 1.0 , 0 , 0 , 0 , 1.0 , 0.9923780487804879 , 0 , 
240: 0 , 0 , 0.8711446196024675 , 0 , 0 , 0 , 0.030927835051546393 , 0.38596491228070173 , 0 , 0 , 0.9731543624161074 , 0.5514650638617581 , 0 , 0 , 0 , 0 , 0 , 0 , 0.9866156787762906 , 0 , 0 , 0 , 0 , 0 , 0.6844850065189049 , 0.031036802152397423 , 
241: 0 , 0 , 0 , 0 , 0 , 0.5958230958230958 , 0.8964435146443515 , 0 , 0 , 0 , 0 , 
242: 0 , 0 , 0.5193855157278713 , 0 , 0 , 0 , 0 , 0.9260204081632653 , 0 , 0 , 0.9848484848484849 , 0.939795918367347 , 0.884185303514377 , 0.9314285714285714 , 0.8249286393910561 , 0 , 0.35189669087974174 , 0 , 
243: 0 , 0 , 0.017543859649122806 , 0 , 0 , 0 , 0 , 0 , 0 , 0.9166666666666666 , 0.9723282442748091 , 0 , 0 , 0 , 0 , 0.8982035928143712 , 
244: 0 , 0 , 0 , 0 , 0 , 0 , 0 , 1.0 , 1.0 , 0.42771084337349397 , 0.1497326203208556 , 0.4360520469692161 , 0.592274678111588 , 
245: 0 , 0 , 0 , 0 , 0 , 0 , 0 , 0 , 0 , 0 , 0 , 0 , 0 , 0 , 0 , 0.9108538350217077 , 0.9942196531791907 , 0 , 0 , 0 , 0 , 0 , 
246: 0 , 0 , 0 , 0 , 0 , 0 , 0 , 0 , 0 , 0.21794871794871795 , 0 , 0 , 0.1629913710450623 , 0 , 0 , 0 , 0 , 0 , 1.0 , 
247: 0 , 0 , 0 , 0 , 0 , 0 , 0 , 0 , 0 , 0 , 0.04744525547445255 , 0 , 0 , 0 , 0 , 0 , 0.0004610419548178884 , 0 , 0 , 0 , 0 , 0 , 0 , 0 , 0 , 0 , 0 , 0 , 0 , 0 , 0 , 0 , 0 , 0 , 1.0 , 0 , 0.07017543859649122 , 0 , 
248: 0 , 0 , 0.5862068965517241 , 0 , 0 , 0 , 0 , 0.967741935483871 , 0.5074626865671642 , 0.912630579297246 , 0.9711271515824542 , 0 , 0 , 0 , 0 , 0 , 0.5623529411764706 , 0 , 0.6685979142526072 , 0.9487179487179487 , 0.8701095461658842 , 0.9373219373219374 , 0 , 
249: 0 , 0.768589298123697 , 0 , 0 , 0 , 0 , 0 , 0 , 0.7058823529411765 , 
250: 0 , 0 , 0 , 0 , 0 , 0 , 0.564935064935065 , 0.8611111111111112 , 0 , 0.916 , 0 , 0 , 0 , 0 , 0.1983673469387755 , 0.5684931506849316 , 0 , 0 , 0 , 0 , 0.6994884910485933 , 0 , 0.7686567164179104 , 0 , 0 , 0 , 0 , 0 , 0 , 0 , 0 , 0 , 0.8153846153846154 , 
251: 0 , 0 , 0 , 0 , 0 , 0 , 0 , 0 , 0 , 0 , 0.9601406799531067 , 0 , 0.9993379675604105 , 0 , 
252: 0 , 0 , 0 , 0 , 0 , 0 , 0 , 0 , 0 , 1.0 , 0.9675834970530451 , 0.946969696969697 , 0.9970857618651124 , 0 , 0 , 1.0 , 0.8877284595300261 , 0 , 0 , 0 , 
253: 0 , 0 , 0 , 0 , 1.0 , 0.7371794871794872 , 
254: 0 , 0 , 0.3549222797927461 , 0 , 0 , 0.3569230769230769 , 0 , 0 , 0 , 0 , 0 , 0 , 0 , 0 , 0 , 0 , 0.99689537410742 , 0 , 0 , 0 , 0 , 0 , 0 , 0 , 0 , 0 , 0 , 0 , 0 , 0 , 0 , 0 , 0 , 0.9663551401869159 , 
255: 0 , 0 , 0 , 0 , 0 , 0 , 0.9928994082840237 , 0 , 0.9550561797752809 , 0 , 0 , 0.9911894273127754 , 0 , 0 , 0.5627376425855514 , 
256: 0 , 0 , 0 , 0 , 0 , 0 , 0 , 0 , 0 , 0 , 0 , 0 , 0 , 0 , 0 , 0 , 0 , 0 , 0 , 0 , 0.9976415094339622 , 0.9588235294117647 , 0 , 
257: 0 , 0 , 0 , 0 , 0 , 0 , 1.0 , 0 , 0 , 
258: 0 , 0 , 0 , 0 , 0.9619047619047619 , 0 , 0 , 0.9758064516129032 , 0 , 0 , 0 , 0 , 0 , 0 , 0 , 0 , 0 , 0 , 0 , 0 , 0 , 0 , 0 , 0.9156010230179028 , 0 , 0 , 0.8414055080721747 , 
259: 0 , 0 , 0.6236933797909407 , 0 , 0 , 0 , 1.0 , 0 , 0 , 0.9984289080911233 , 0.9512587038028923 , 0 , 0 , 0.9943767572633552 , 
260: 0 , 0 , 0 , 0 , 0 , 0 , 0 , 0.9590583418628454 , 0 , 
261: 0 , 0 , 0.8942731277533039 , 0.9950763170851797 , 
262: 0 , 0 , 0 , 0.5641025641025641 , 0 , 0 , 0.8711340206185567 , 1.0 , 
263: 0 , 0 , 0 , 0 , 0.6666666666666666 , 0.8238341968911918 , 0 , 0.8581818181818182 , 0 , 0 , 0 , 0 , 0.2927180966113915 , 0 , 0 , 0 , 0.4529616724738676 , 0 , 0.9497206703910615 , 0 , 0 , 0 , 0 , 
264: 0 , 0.917910447761194 , 0 , 0 , 0 , 0 , 0 , 0 , 0 , 0 , 0 , 0 , 0.9701492537313433 , 0.9939577039274925 , 0.9929577464788732 , 0.9688622754491018 , 0.4624591947769314 , 
265: 0 , 0 , 0 , 0 , 0 , 0 , 0 , 1.0 , 0 , 0 , 0.9897959183673469 , 0.9974424552429667 , 0.994438992476284 , 
266: 0 , 0 , 0 , 0 , 0 , 0 , 0 , 0 , 0 , 0 , 0 , 0 , 0 , 0 , 0 , 0 , 0 , 0.5135869565217391 , 0 , 0 , 0.923568915893828 , 0 , 
267: 0 , 0.801980198019802 , 0 , 0 , 0 , 0 , 0 , 0 , 0.31891891891891894 , 0 , 0 , 0.6166666666666667 , 0 , 0 , 0 , 0.9875 , 0 , 0.7479338842975206 , 0 , 0 , 0.009554140127388535 , 0.702054794520548 , 0 , 0.8022988505747126 , 
268: 0 , 0 , 0 , 0.92 , 0 , 0 , 0 , 0 , 0.9591397849462365 , 0.9959839357429718 , 0 , 0 , 0 , 0 , 0 , 0 , 0 , 0 , 0 , 0 , 0.8247458815282159 , 0.9246575342465754 , 0 , 
269: 0 , 0 , 0.4877425944841675 , 
270: 0 , 0 , 0 , 0 , 0 , 0 , 0 , 0 , 0 , 0 , 0 , 0 , 0 , 0 , 0 , 0 , 0 , 0 , 0 , 0 , 0 , 0 , 0 , 0 , 0.9297297297297298 , 0 , 0 , 0 , 0 , 0.8488964346349746 , 0 , 0 , 0 , 0 , 0 , 0 , 0.8851851851851852 , 0 , 0.7472687545520758 , 0 , 
271: 0 , 0 , 0.3992932862190813 , 0.9656652360515021 , 0 , 0.9990925589836661 , 0.9142550911039657 , 0 , 0 , 0 , 0.6688701923076923 , 0.8846153846153846 , 
272: 0 , 0 , 0 , 0 , 0 , 0 , 0.025974025974025976 , 0 , 0 , 0 , 0 , 0 , 0 , 0 , 0 , 
273: 0 , 0 , 0 , 0 , 0 , 0 , 0 , 0 , 0 , 0.8210526315789474 , 0 , 0 , 0 , 0 , 0 , 0 , 0 , 0 , 0 , 0 , 0 , 0 , 0.7699490662139219 , 0 , 0 , 0 , 0 , 0 , 0 , 0 , 
274: 0 , 0 , 0 , 0 , 0 , 0 , 0 , 0 , 0 , 0 , 0.0062402496099844 , 1.0 , 
275: 0 , 0 , 0 , 0.9555777389568255 , 1.0 , 0 , 0 , 
276: 0 , 0 , 0 , 0 , 0.6507936507936508 , 0 , 
277: 0 , 0 , 0 , 0 , 0.012903225806451613 , 0.6451612903225806 , 0.6515421115065243 , 0.5837887067395264 , 0.922077922077922 , 0.9640804597701149 , 0.4574727959138352 , 0.7896613190730838 , 0 , 0.9634146341463414 , 0 , 0.9753694581280788 , 0.875615763546798 , 0 , 0 , 
278: 0 , 0 , 0.8921568627450981 , 0 , 0 , 0 , 0 , 0 , 0 , 0 , 0 , 0.9829059829059829 , 0 , 0.613914373088685 , 0.9716455696202532 , 0 , 0 , 0 , 0 , 0 , 0 , 0 , 0 , 0 , 0.03875968992248062 , 0.7262423714036618 , 0.93 , 0.7364864864864865 , 0 , 
279: 0 , 0.9490909090909091 , 0 , 0.967741935483871 , 0 , 0 , 0 , 0 , 0 , 0 , 0 , 0 , 0 , 0 , 0 , 0 , 0 , 0.046511627906976744 , 0.9676190476190476 , 0 , 
280: 0 , 0 , 0 , 0 , 0 , 0 , 0 , 0 , 0 , 0 , 0 , 0 , 0.6105919003115264 , 0 , 1.0 , 0 , 1.0 , 
281: 0 , 0 , 0 , 0 , 0 , 0 , 0 , 0 , 0 , 0 , 0 , 0 , 0 , 0 , 0 , 0 , 0 , 0 , 
282: 0 , 0.34870719776380155 , 0.011458712259003273 , 0 , 0 , 0.9357601713062098 , 0 , 0 , 0 , 0 , 1.0 , 0 , 0 , 0.5844438400870274 , 0.8852459016393442 , 
283: 0 , 0 , 0 , 0.9150401836969001 , 1.0 , 0 , 0.007633587786259542 , 0.9387186629526463 , 0.6526039563988696 , 0.9840425531914894 , 0 , 0 , 0.9552129221732746 , 0.9340369393139841 , 0 , 
284: 0 , 0 , 0 , 0 , 0.9705882352941176 , 0 , 0 , 1.0 , 0 , 0.9936842105263158 , 
285: 0 , 0 , 0 , 0 , 0 , 0 , 0 , 0.9927953890489913 , 0 , 0 , 0 , 0 , 0 , 0 , 0 , 
286: 0 , 0 , 0 , 0.963855421686747 , 0.9473684210526315 , 0 , 0 , 0 , 0 , 0 , 0.8873390557939914 , 0.9341825902335457 , 0 , 0 , 0 , 0 , 0 , 0 , 1.0 , 0.9980666988883519 , 0.6183206106870229 , 
287: 0 , 0 , 0 , 0.8061674008810573 , 0 , 0 , 0 , 0 , 0.28404344193817876 , 0 , 0 , 0 , 0 , 0 , 0 , 0 , 0 , 0 , 0 , 0 , 0 , 0 , 0.8933333333333333 , 
288: 0 , 0 , 0 , 0.5424836601307189 , 0 , 0 , 
289: 0 , 0 , 0 , 0 , 0 , 0.05194805194805195 , 0 , 0 , 0 , 0 , 0 , 0 , 0 , 0 , 0 , 0 , 0 , 0 , 0 , 0 , 0.9823008849557522 , 0.6551724137931034 , 0.75 , 0.9543817527010804 , 0.9253567508232712 , 0 , 
290: 0 , 0 , 0 , 0 , 0 , 0 , 0 , 0 , 0 , 0 , 0 , 0.8725490196078431 , 0 , 0.8898305084745762 , 0.8507100796674749 , 0 , 1.0 , 0 , 
291: 0 , 0 , 0 , 0 , 0 , 0 , 0 , 0.9153998678122934 , 0 , 0 , 0 , 0 , 0 , 0 , 0 , 0 , 
292: 0 , 0 , 0 , 0 , 0 , 0 , 0 , 0 , 0 , 0 , 0 , 0 , 0 , 0 , 0 , 0 , 0 , 0 , 0 , 0 , 0 , 0 , 0 , 
293: 0 , 0 , 0 , 0 , 0 , 0 , 0.6487119437939111 , 0 , 0.8970588235294118 , 0.9951409135082604 , 0 , 0 , 0 , 0.9648493543758967 , 0.9928656361474435 , 0.7753424657534247 , 
294: 0 , 0 , 0 , 0 , 0 , 0 , 0 , 0 , 0 , 0.16695753344968003 , 0.016666666666666666 , 0.03076923076923077 , 0.861878453038674 , 0 , 0.2196969696969697 , 0.02681291895185862 , 0 , 0.5176110260336907 , 0 , 0.5806772908366534 , 0 , 0 , 0 , 0 , 
295: 0 , 0.856655290102389 , 0 , 0.992989165073295 , 0.02464788732394366 , 0.5475206611570248 , 0 , 0 , 0 , 0 , 0 , 0 , 0 , 
296: 0 , 0 , 0 , 0.20520673813169985 , 0.014925373134328358 , 0.4629455909943715 , 0.23809523809523808 , 0 , 0 , 0.9026434558349452 , 0.9105145413870246 , 0 , 0.7588652482269503 , 
297: 0 , 0 , 0 , 0 , 0 , 0 , 0 , 0 , 0 , 0 , 0 , 0 , 0 , 0 , 0 , 
298: 0 , 0 , 0 , 0 , 0 , 0 , 0 , 0 , 0.05555555555555555 , 0.9583333333333334 , 0 , 0.6684931506849315 , 
299: 0 , 0.5057915057915058 , 0 , 0 , 0 , 0 , 0 , 0 , 0 , 0 , 0 , 0 , 0 , 0 , 0 , 0 , 0 , 0.9938650306748467 , 
300: 0 , 0.37183770883054895 , 0 , 0 , 
301: 0 , 0 , 0.991585473870682 , 
302: 0 , 0 , 0 , 0 , 0 , 
303: 0 , 0 , 0 , 0 , 0 , 0 , 0 , 0 , 0 , 0 , 0 , 0 , 0 , 0 , 0 , 0 , 1.0 , 0 , 0.998109640831758 , 0 , 0 , 1.0 , 
304: 0 , 0 , 0 , 0 , 0 , 0 , 
305: 0 , 0 , 0 , 0 , 0 , 0 , 0 , 0 , 0 , 0 , 0 , 0 , 1.0 , 0 , 0 , 0 , 0 , 0 , 0 , 0 , 
306: 0 , 0 , 0.9125964010282777 , 
307: 0 , 0 , 0 , 0 , 0 , 0 , 0 , 0 , 0 , 0 , 0 , 0 , 0 , 0 , 0.8882138517618469 , 0 , 0 , 0 , 0 , 0 , 0 , 0 , 1.0 , 0.9772348695169351 , 0 , 0 , 0 , 0.3121272365805169 , 0 , 
308: 0 , 0.9926470588235294 , 0 , 0 , 0.997836668469443 , 
309: 0 , 0 , 0 , 0 , 0 , 0 , 0 , 0.9992647058823529 , 
310: 0 , 0 , 0 , 0 , 0.008264462809917356 , 0 , 0 , 0 , 0.7755 , 0.9345794392523364 , 0.855166802278275 , 0 , 0 , 0.32647462277091904 , 0 , 0.47435897435897434 , 0.4069767441860465 , 0.017857142857142856 , 0 , 0.3133608815426997 , 
311: 0 , 0 , 0 , 0 , 0 , 0 , 0 , 0 , 0.13194170933438362 , 0 , 0 , 0 , 0.7522321428571429 , 0.9598393574297188 , 0 , 0.6188219363574814 , 0 , 0 , 0 , 0 , 0.7821782178217822 , 0.553306342780027 , 
312: 0 , 0 , 0 , 0 , 0 , 0 , 0 , 0 , 0.5284552845528455 , 0.9455958549222798 , 0 , 0 , 0 , 0 , 0 , 0.873015873015873 , 
313: 0 , 0 , 0 , 0 , 0.7526881720430108 , 0 , 0 , 0.28695892684276036 , 0 , 0 , 0 , 0 , 0 , 0 , 0 , 0 , 0 , 0 , 0.010585305105853052 , 0 , 0 , 0 , 0 , 
314: 0 , 0 , 0 , 0 , 0 , 0 , 0 , 0 , 0 , 0.0008992805755395684 , 0.4457470010905125 , 0 , 0 , 0 , 0 , 0 , 0 , 0 , 0 , 0 , 0.48484848484848486 , 0 , 0 , 0.9882747068676717 , 0 , 0 , 0.55 , 
315: 0 , 0 , 0 , 0 , 0 , 0 , 0 , 0 , 0 , 0.4261565836298932 , 0 , 0.993581514762516 , 
316: 0 , 0 , 0 , 0 , 0 , 0 , 0 , 0 , 0 , 0.004807692307692308 , 0.3059244126659857 , 0 , 0.004273504273504274 , 0 , 0 , 0 , 0 , 0 , 0.8795269770879527 , 0.9967867798944228 , 0 , 0 , 0 , 0 , 0.7338935574229691 , 
317: 0 , 0 , 0 , 0 , 0 , 0 , 0 , 0 , 0 , 0 , 0.975609756097561 , 0 , 1.0 , 0.9800105207785376 , 
318: 0 , 0 , 0 , 0.36810551558752996 , 0 , 0 , 0 , 0.9936575052854123 , 0.912621359223301 , 0.9808875219683656 , 0 , 0 , 
319: 0 , 0 , 0 , 0 , 0 , 0 , 0.907563025210084 , 0 , 0.9662921348314607 , 0 , 0 , 
320: 0 , 0 , 0 , 0.9841688654353562 , 0 , 0 , 0 , 0 , 0 , 0.9374149659863945 , 0 , 0 , 
321: 0 , 1.0 , 0.9827213822894169 , 0 , 0 , 0 , 0 , 0 , 0 , 0 , 0 , 0 , 0.8565950920245399 , 0 , 
322: 0 , 0 , 0 , 0.9772727272727273 , 0 , 0 , 
323: 0 , 0 , 0 , 0 , 0 , 0 , 0 , 0 , 0 , 0 , 0 , 0 , 0 , 0 , 0 , 0 , 0 , 0 , 0 , 0 , 0 , 0 , 0 , 0 , 0 , 0.011494252873563218 , 0.9774011299435028 , 1.0 , 0 , 0 , 0 , 0 , 0 , 
324: 0 , 0 , 0 , 0 , 0 , 0 , 0 , 0 , 0 , 0 , 0 , 0 , 0 , 0 , 0 , 0 , 0 , 0 , 0 , 0 , 0.8133333333333334 , 0 , 0.46551724137931033 , 0 , 0 , 0 , 0 , 0.7603833865814696 , 0 , 0.9926402943882244 , 0 , 0 , 0 , 
325: 0 , 
326: 0 , 0 , 0 , 0 , 0 , 0 , 0 , 0 , 0 , 0 , 0 , 0 , 0.9209302325581395 , 0.7148936170212766 , 0 , 0 , 0.34782608695652173 , 0 , 0 , 1.0 , 0.9134382566585957 , 0 , 0 , 1.0 , 0 , 0 , 0.7525773195876289 , 0 , 0 , 
327: 0 , 1.0 , 1.0 , 0.004807692307692308 , 1.0 , 
328: 0 , 0.967459324155194 , 0 , 0.988 , 0.9713062098501071 , 0 , 0 , 
329: 0 , 0 , 0 , 0 , 0 , 0 , 0 , 0 , 0 , 0 , 0 , 0 , 0.9894736842105263 , 0 , 0.95551460910766 , 0 , 0 , 
330: 0 , 0 , 0 , 0 , 0 , 0 , 0 , 0 , 0 , 0 , 0 , 0 , 0 , 0 , 0 , 0 , 0 , 0 , 0 , 0.38242894056847543 , 0 , 0 , 0 , 0 , 0 , 0 , 0 , 0 , 0.015625 , 0 , 0.3962655601659751 , 0 , 0 , 0 , 0 , 0 , 0 , 0 , 0 , 0 , 0 , 0.9947735191637631 , 
331: 0 , 0 , 0 , 0 , 0 , 0 , 0 , 0 , 0 , 0.07947019867549669 , 0.5210040983606558 , 0 , 0 , 0 , 0 , 0 , 0 , 0 , 0 , 0 , 0 , 0 , 0.9118773946360154 , 0.9 , 0 , 0 , 0 , 0 , 0 , 0 , 0 , 0 , 0 , 0.9713846153846154 , 0 , 
332: 0 , 0 , 0 , 0 , 0 , 0 , 0 , 0.6923076923076923 , 0.3470694993060745 , 0.006146059291395517 , 0.6634031060094531 , 0.9816285998013903 , 0.24299065420560748 , 0 , 0 , 0 , 0 , 0 , 0.006622516556291391 , 0 , 0.997737556561086 , 0 , 0 , 
333: 0 , 0.45652173913043476 , 0 , 0.4760705289672544 , 0 , 0 , 0 , 0.7204301075268817 , 0 , 0 , 0 , 1.0 , 0 , 0.045454545454545456 , 
334: 0 , 0 , 0 , 0 , 0 , 0 , 0 , 0 , 0 , 0 , 0.9258343634116193 , 
335: 0 , 0 , 0.9329608938547486 , 0 , 0 , 0 , 0 , 0 , 0 , 0 , 0 , 0 , 0 , 0 , 0 , 0 , 0 , 0.7339449541284404 , 0.7412587412587412 , 0.9757785467128027 , 0.0002420135527589545 , 0.5764060356652949 , 0 , 0 , 0 , 0.5615671641791045 , 
336: 0 , 0 , 0.7650356778797146 , 0.9771428571428571 , 0.0012755102040816326 , 0.8977443609022556 , 0 , 0 , 0 , 0.8459016393442623 , 0.9190871369294605 , 0 , 0.689119170984456 , 
337: 0 , 0 , 0 , 0 , 0 , 0 , 0 , 0 , 0 , 0 , 1.0 , 0.9917780061664954 , 0 , 0 , 0 , 0 , 0 , 0.9779837775202781 , 0.9838509316770186 , 0.9859154929577465 , 
338: 0 , 0 , 0 , 0 , 0 , 0 , 0.9083557951482479 , 0.47929936305732485 , 0 , 0 , 0 , 0 , 0 , 0 , 0 , 0.9887640449438202 , 0.998470168281489 , 0.921875 , 
339: 0 , 0 , 0 , 0 , 0 , 0 , 0 , 0 , 0 , 0 , 0 , 0 , 0 , 0 , 0 , 0 , 0 , 0 , 0 , 0 , 0 , 0 , 0 , 0 , 0 , 0 , 0 , 0 , 0 , 0 , 0 , 0 , 0 , 0 , 0 , 0.9805825242718447 , 0.8396946564885496 , 0.6383581033262562 , 0.9332688588007737 , 0 , 0 , 0 , 0 , 0 , 0 , 0 , 0 , 
340: 0 , 0 , 0 , 0 , 0 , 0 , 0 , 0 , 0 , 0 , 0.9740150880134115 , 0.9918283963227783 , 0 , 1.0 , 
341: 0 , 0 , 0.49748743718592964 , 0 , 0 , 0 , 0 , 0 , 0 , 0 , 0 , 0.9987269255251432 , 0 , 0 , 0 , 0.996718920889537 , 0 , 0 , 0 , 0 , 0 , 0 , 0 , 0.7037037037037037 , 
342: 0 , 0 , 0 , 0 , 0 , 0 , 0 , 0 , 0 , 0 , 0 , 0.9442832269297736 , 0.39473684210526316 , 
343: 0 , 0 , 0 , 0 , 0 , 0 , 0 , 1.0 , 0.9880817253121453 , 0.11842105263157894 , 1.0 , 
344: 0 , 0 , 0 , 0 , 0 , 0 , 0 , 0 , 0 , 0 , 0 , 0 , 0 , 0 , 0 , 0.9974358974358974 , 0.4861111111111111 , 
345: 0 , 0 , 0 , 0 , 0 , 0.7969543147208121 , 0 , 0 , 0 , 0 , 0 , 0 , 0.9918367346938776 , 0.9795427196149218 , 0 , 
346: 0 , 0 , 0 , 0 , 0 , 0 , 0 , 0 , 0 , 0 , 0.4641013608634444 , 0 , 0 , 0 , 0 , 0 , 0 , 0 , 0 , 0 , 0.9450867052023122 , 0 , 0.8079178885630498 , 0 , 
347: 0 , 0 , 0 , 0 , 0 , 0 , 1.0 , 0.9673321234119783 , 0.982304704359085 , 0.996003996003996 , 0 , 
348: 0 , 0 , 0.0006548788474132286 , 0.23705722070844687 , 0.9984496124031008 , 
349: 0 , 0 , 0 , 0 , 0 , 0 , 0 , 0.4264705882352941 , 0 , 1.0 , 0 , 0 , 0 , 0 , 0 , 0 , 0 , 1.0 , 0.9988003838771593 , 0.9934093789607098 , 0 , 0 , 0.31790123456790126 , 
350: 0 , 0 , 0 , 0 , 0 , 0.85 , 0 , 0 , 0 , 0 , 0 , 0 , 0 , 0 , 0 , 1.0 , 0 , 0.6061204343534057 , 0 , 0 , 0 , 0 , 0 , 0.9957081545064378 , 0.9899497487437185 , 0 , 0.36465781409601633 , 0.8348214285714286 , 
351: 0 , 0 , 0 , 0 , 0 , 0 , 0 , 0 , 0 , 0 , 0 , 0.47794117647058826 , 0 , 0 , 0 , 0.9731182795698925 , 0 , 
352: 0 , 0.25053563776603344 , 0.2976 , 0.3684210526315789 , 0.8225806451612904 , 0.14912280701754385 , 1.0 , 0.4760409781890284 , 0.3485342019543974 , 0.8013392857142857 , 0.9625 , 
353: 0 , 0 , 0 , 0.9710144927536232 , 0 , 0 , 0 , 0.912568306010929 , 0 , 0 , 0 , 0 , 0 , 0 , 0 , 0 , 0.24437299035369775 , 
354: 0 , 0 , 0 , 0 , 0 , 0 , 0 , 0 , 0 , 0 , 0 , 0 , 0 , 0 , 0 , 0 , 0 , 0 , 0 , 0.9876543209876543 , 0 , 0 , 0 , 0 , 0.9982190560997328 , 0 , 0 , 0 , 0 , 
355: 0 , 0 , 0.9676923076923077 , 0.5138888888888888 , 0.0017667844522968198 , 0.03626943005181347 , 0 , 0.9736358062538321 , 0 , 0 , 0 , 
356: 0 , 0 , 0 , 0 , 0 , 0 , 0 , 0 , 0 , 0 , 0.22096774193548388 , 0 , 0.5193116634799235 , 0 , 0 , 0 , 0 , 0 , 0 , 0 , 0 , 0 , 0 , 0.8422174840085288 , 
357: 0 , 0 , 0 , 0 , 0 , 0 , 0 , 0 , 0 , 0 , 0 , 0 , 0 , 0 , 
358: 0 , 0.1159467892921662 , 0.7033898305084746 , 0.7553533190578159 , 0.9678650970410436 , 0 , 0 , 0.990216271884655 , 0 , 
359: 0 , 0 , 0.45023696682464454 , 0 , 0.694954128440367 , 0 , 0 , 0 , 0 , 0 , 0 , 0.9991718426501035 , 0 , 0 , 0 , 0.7126436781609196 , 0 , 0 , 0 , 
360: 0 , 0 , 0 , 0 , 0 , 0 , 0 , 0 , 0 , 0 , 0 , 0 , 0 , 0 , 0 , 0 , 0 , 0 , 0 , 0.8803088803088803 , 0 , 0 , 0.896969696969697 , 0.896551724137931 , 0 , 
361: 0 , 0 , 0.17901234567901234 , 0.5242774566473989 , 0 , 0 , 0 , 0 , 0 , 0 , 0 , 0 , 0.013285024154589372 , 0 , 0 , 0.9847036328871893 , 0.5695266272189349 , 0 , 0 , 0 , 
362: 0 , 0 , 0 , 0 , 0 , 0 , 0 , 0 , 0 , 0 , 0 , 0 , 0 , 0 , 0 , 
363: 0 , 0 , 0 , 0 , 0 , 0 , 0 , 0 , 0 , 0 , 0 , 0 , 0 , 0 , 0.9213483146067416 , 0 , 0 , 0 , 0.91725768321513 , 
364: 0 , 0 , 0 , 0 , 0 , 0 , 0 , 0.6484560570071259 , 0 , 0 , 0 , 0 , 0 , 0.9894490035169988 , 0 , 0 , 0 , 0 , 0.5798319327731093 , 0 , 0.2 , 
365: 0 , 0.006711409395973154 , 0.010948905109489052 , 0 , 0.5703001579778831 , 0.0008149959250203749 , 0.42702980472764646 , 0.2624113475177305 , 0.0038022813688212928 , 0.6885245901639344 , 0 , 0 , 0 , 0 , 0.9059080962800875 , 0.9660849522555153 , 0.958997722095672 , 0 , 0.7727272727272727 , 
366: 0 , 0 , 0 , 0 , 0 , 0 , 0.996802557953637 , 0 , 0.9033816425120773 , 0 , 0.9473684210526315 , 0.9821615949632738 , 0 , 
367: 0 , 0 , 0 , 0 , 0.3891786179921773 , 0 , 0.9921875 , 0 , 0 , 1.0 , 0 , 0 , 0 , 0 , 0 , 0 , 0 , 0 , 0.9641693811074918 , 0 , 0 , 0 , 0 , 0.6540825285338016 , 
368: 0 , 0 , 0 , 0 , 0 , 0.8504672897196262 , 0.9901905829596412 , 0.921455938697318 , 0 , 0 , 0 , 0 , 0.9276595744680851 , 0.9772121212121212 , 0.21686746987951808 , 
369: 0 , 0 , 0 , 0 , 0 , 0 , 0 , 0 , 0 , 0 , 0.0014771048744460858 , 1.0 , 0 , 0 , 0.8484848484848485 , 0 , 0.94 , 
370: 0 , 0 , 0 , 0 , 0 , 0 , 0 , 0.9105504587155964 , 0 , 0.9897959183673469 , 0.886986301369863 , 0 , 0 , 0.991578947368421 , 0 , 0 , 0 , 0.9935275080906149 , 0 , 0 , 
371: 0 , 0.9570405727923628 , 0.7794117647058824 , 0 , 0.623422159887798 , 0 , 0.0026702269692923898 , 0 , 0 , 0.740395809080326 , 0.30303030303030304 , 0 , 
372: 0 , 0 , 0 , 0 , 0 , 0.9569471624266145 , 0.9305555555555556 , 
373: 0 , 0 , 0.31082375478927204 , 0.9066034294053266 , 0.02654867256637168 , 0 , 0.9553072625698324 , 
374: 0 , 0 , 0 , 0 , 0 , 0 , 0 , 0 , 0 , 0.8279569892473119 , 0.8484848484848485 , 0 , 0 , 0 , 0 , 0 , 0 , 0 , 0 , 0 , 0 , 0 , 0 , 0 , 0 , 0 , 0 , 
375: 0 , 0 , 0 , 0.8556263269639066 , 0 , 0 , 0 , 0 , 0 , 0 , 
376: 0 , 0 , 0.9812206572769953 , 0 , 0 , 0 , 0 , 0 , 0.9870410367170627 , 0 , 0.8841463414634146 , 0 , 0 , 0 , 0 , 0 , 1.0 , 0 , 0.5521292217327459 , 0 , 0.6459627329192547 , 
377: 0 , 0.514820592823713 , 0 , 0 , 0 , 0.6014828544949027 , 0.08934707903780069 , 0.3192668371696505 , 0 , 0.29625550660792954 , 0 , 0 , 0.6677148846960168 , 0.4610745614035088 , 0 , 0 , 0 , 0 , 0 , 0 , 0 , 0.5271493212669683 , 
378: 0 , 0 , 0 , 0 , 0 , 0 , 0 , 0 , 0 , 0 , 0.9605263157894737 , 0 , 0 , 0.8113207547169812 , 0.8061224489795918 , 0.5188679245283019 , 0 , 0 , 0 , 0 , 0 , 0 , 0.9518987341772152 , 0.91804788213628 , 0.960552268244576 , 0 , 0 , 0 , 0 , 
379: 0 , 0 , 0 , 0 , 0 , 0 , 0 , 0 , 0 , 0.8409090909090909 , 0 , 0 , 0.3699590882524839 , 0.1378504672897196 , 0.9325842696629213 , 0.3561643835616438 , 0.000999000999000999 , 0.5030100334448161 , 
380: 0 , 0 , 0 , 0 , 0 , 0.9676616915422885 , 0.7519083969465649 , 0 , 0.5769230769230769 , 1.0 , 0.02912621359223301 , 0.7240631774543203 , 0.8942857142857142 , 0.9635036496350365 , 0 , 
381: 0 , 0.9230769230769231 , 0.9819121447028424 , 0.9939261797227846 , 0.9477611940298507 , 
382: 0 , 0 , 1.0 , 0.036885245901639344 , 0 , 0 , 0 , 0 , 0 , 
383: 0 , 0 , 0 , 0 , 0 , 0 , 0.01702127659574468 , 0 , 0 , 0 , 0 , 0 , 0 , 0.849445324881141 , 0 , 0 , 0 , 0 , 0.8849557522123894 , 0.9781113195747342 , 0.5539529914529915 , 0 , 0.16033755274261605 , 0 , 1.0 , 0 , 
384: 0 , 0 , 0 , 0 , 0.9782608695652174 , 0 , 0 , 0 , 0 , 0 , 0 , 0 , 0 , 0 , 
385: 0 , 0 , 0 , 0 , 0 , 0 , 0.8926411290322581 , 0 , 0.47302158273381295 , 0 , 
386: 0 , 0 , 0 , 0 , 0 , 0 , 0 , 0 , 0.9358974358974359 , 0.9191073919107392 , 0 , 0 , 
387: 0 , 0 , 0 , 0.6779661016949152 , 0.9007518796992481 , 0 , 0.8080357142857143 , 0 , 0 , 0.5879265091863517 , 0 , 0 , 0 , 0.08955223880597014 , 0 , 0 , 0.273972602739726 , 0.3961864406779661 , 0.6126582278481013 , 0.4193011647254576 , 
388: 0 , 0 , 0 , 0 , 0 , 0 , 0 , 0 , 
389: 0 , 0 , 0 , 0.05952380952380952 , 0.8376068376068376 , 0.956474428726877 , 0.8638655462184874 , 0 , 0.07380073800738007 , 
390: 0 , 0 , 0 , 0 , 0 , 0 , 0 , 0.8831858407079646 , 1.0 , 0 , 0 , 0 , 0.9694501018329938 , 0 , 0.7641509433962265 , 
391: 0 , 0 , 0 , 0 , 0 , 0 , 0 , 0 , 0 , 0.6666666666666666 , 1.0 , 0 , 0.2642857142857143 , 0.5304172951231775 , 0 , 0 , 0 , 0 , 0 , 0 , 0 , 0 , 0.7510373443983402 , 0.9975 , 0.9847457627118644 , 
392: 0 , 0 , 0 , 0 , 0 , 0 , 0 , 0 , 0.975609756097561 , 0.9204440333024977 , 0 , 
393: 0 , 0 , 0 , 0 , 0 , 0 , 0 , 0 , 0 , 0.8855421686746988 , 0.9611650485436893 , 0 , 0.6459205020920502 , 1.0 , 0.9889162561576355 , 
394: 0 , 0 , 0 , 0.9803357314148681 , 0 , 0.21482602118003025 , 0.8432601880877743 , 0.34444444444444444 , 0 , 0.4670619235836627 , 0.2857142857142857 , 0 , 0.7284916201117319 , 0 , 0 , 0 , 0.5906040268456376 , 
395: 0 , 0 , 1.0 , 0.9766317485898469 , 
396: 0 , 0 , 0 , 0 , 0.020202020202020204 , 0 , 0 , 0 , 0 , 0 , 0 , 0 , 0 , 0 , 0 , 0 , 0 , 0 , 0.45569620253164556 , 0.8043243243243243 , 0.9570938215102975 , 0 , 0 , 0 , 0 , 0 , 0 , 0 , 0 , 0 , 0.8494623655913979 , 0.9815950920245399 , 0.9574915824915825 , 0.9518072289156626 , 0 , 0 , 0 , 0 , 
397: 0 , 0 , 0 , 0 , 0 , 0.875 , 0 , 0 , 0 , 0 , 0 , 0 , 0 , 0 , 0 , 0 , 0 , 0.8058178106659862 , 
398: 0 , 0.2625 , 0.6423357664233577 , 0 , 0 , 0 , 0 , 0 , 0 , 0 , 0 , 0.7366071428571429 , 0 , 0.5866425992779783 , 0 , 0 , 0 , 0 , 0.5340909090909091 , 0 , 0 , 0 , 0 , 1.0 , 0 , 0 , 0 , 0.9953703703703703 , 0 , 0 , 0 , 0 , 0 , 
399: 0 , 0 , 0 , 0 , 0 , 0 , 0 , 0 , 0 , 0 , 0 , 0 , 0 , 0 , 0 , 0 , 0 , 0 , 0 , 0 , 0 , 0 , 0 , 0 , 0 , 0 , 0 , 0 , 0 , 0 , 0 , 0 , 0 , 0 , 0 , 0 , 0.9807247494217425 , 0 , 0 , 
400: 0 , 0 , 0 , 0.4243231247225921 , 0 , 0 , 0.9951836243226971 , 0.0070921985815602835 , 0.9784034554471285 , 0 , 
401: 0 , 0 , 0.9933774834437086 , 0 , 0.72 , 0 , 0 , 0 , 0.7216117216117216 , 0 , 0 , 0 , 0 , 0 , 0 , 0 , 0 , 0 , 0 , 0 , 0.8238482384823849 , 
402: 0 , 0 , 0.00024102193299590263 , 0.9320695102685624 , 0 , 0.7948717948717948 , 0.9534883720930233 , 0.5987261146496815 , 0.9701754385964912 , 0 , 0.5591591591591591 , 0.26436781609195403 , 0 , 0 , 0 , 0 , 0 , 0 , 0 , 0 , 0 , 0 , 0.9924050632911392 , 0 , 
403: 0 , 0 , 0 , 0.008547008547008548 , 0 , 0 , 0.9847494553376906 , 0.9985507246376811 , 
404: 0 , 0 , 0 , 0 , 0 , 0 , 0 , 0 , 0 , 0 , 0 , 0 , 0 , 0 , 0 , 0 , 0 , 0 , 0 , 0 , 0 , 0.06233062330623306 , 0.2578008915304606 , 0 , 0.4574898785425101 , 
405: 0 , 0 , 0 , 0 , 0 , 0 , 0 , 0 , 0 , 0 , 0.923728813559322 , 0.8914533820840951 , 
406: 0 , 0 , 0 , 0 , 0 , 0 , 0 , 0 , 0 , 0 , 0 , 0 , 0 , 0 , 0 , 0 , 0.9708939708939709 , 
407: 0 , 0 , 0 , 0 , 0 , 0 , 0 , 
408: 0 , 0 , 0 , 0 , 0 , 0 , 0.44515539305301643 , 0 , 0 , 0 , 0 , 0 , 0.9513513513513514 , 0 , 0.9011725293132329 , 0 , 0 , 0 , 1.0 , 0 , 0.9955156950672646 , 0 , 0.3617021276595745 , 0.8769230769230769 , 0 , 0 , 
409: 0 , 0.23214285714285715 , 0 , 0 , 0 , 0 , 0.6587301587301587 , 0 , 0.1270718232044199 , 0.19472073450650346 , 0 , 0 , 0 , 0.2 , 0.8080357142857143 , 0.28294573643410853 , 0 , 0 , 0 , 0 , 0 , 0 , 0 , 0.054844606946983544 , 0 , 0 , 0 , 0.16607545952918412 , 0 , 0.21568627450980393 , 0 , 0 , 0 , 
410: 0 , 0 , 0 , 0 , 0 , 0.8243386243386244 , 0.9294117647058824 , 0 , 0.8296059637912673 , 0.8011772400261609 , 0 , 0 , 0 , 0 , 0 , 0 , 0 , 
411: 0 , 0 , 0 , 0 , 0 , 0.4049008168028005 , 0.26229508196721313 , 0 , 0 , 0 , 0.4889867841409692 , 0 , 0 , 
412: 0 , 0 , 0 , 0 , 0 , 0.34530938123752497 , 0 , 0 , 1.0 , 0 , 0 , 0 , 0.9763779527559056 , 0.9963768115942029 , 0.9877394636015325 , 0.6461988304093568 , 0 , 0 , 0 , 0 , 
413: 0 , 0 , 0 , 0 , 0.9931921331316188 , 0 , 0 , 0 , 0 , 0 , 0 , 0 , 0.9139218269653052 , 0 , 0 , 
414: 0 , 0 , 0 , 0 , 0.08695652173913043 , 0.518850987432675 , 0 , 0 , 0 , 0 , 0 , 0 , 0 , 0 , 0 , 0 , 0 , 0 , 0 , 0 , 0.9221311475409836 , 0 , 0 , 0 , 0 , 0 , 0 , 1.0 , 0 , 0 , 0.17857142857142858 , 0 , 0.14958448753462603 , 0 , 
415: 0 , 0.9953271028037384 , 0.8834459459459459 , 0 , 0.12743297833272127 , 0 , 0 , 0.7605633802816901 , 
416: 0 , 0 , 0 , 0 , 1.0 , 0 , 0 , 0 , 0 , 0 , 0 , 0 , 0 , 0 , 0 , 0 , 0 , 0 , 0 , 0.9105691056910569 , 0.7941176470588235 , 0 , 
417: 0 , 0 , 0.9848484848484849 , 0.7553191489361702 , 0.8454545454545455 , 0.6823734729493892 , 0.9925373134328358 , 0.9435897435897436 , 0 , 0.7216981132075472 , 0.515625 , 0 , 0.6698113207547169 , 
418: 0 , 1.0 , 1.0 , 
419: 0 , 0 , 0 , 0 , 0 , 0 , 0 , 0 , 0 , 0 , 
420: 0 , 0 , 0 , 0 , 0 , 0.9976671850699844 , 0 , 0.9981405727036073 , 
421: 0 , 0 , 0 , 0 , 0.9723101265822784 , 1.0 , 
422: 0 , 0 , 0 , 0 , 0 , 0 , 0 , 0.9173913043478261 , 
423: 0 , 0.2937219730941704 , 0 , 0 , 0 , 0 , 0 , 0 , 0 , 0 , 0 , 0 , 0 , 0 , 1.0 , 0 , 0 , 0.5869262865090403 , 0 , 0 , 0 , 0 , 0 , 0 , 0 , 0 , 0 , 0.9950576606260296 , 0.990530303030303 , 0 , 0.4576271186440678 , 
424: 0 , 0 , 0 , 0 , 0 , 0.020454545454545454 , 0 , 0 , 0 , 0 , 0.25 , 0 , 0 , 0.9540816326530612 , 0.9838805970149254 , 0 , 0.7277035760448083 , 
425: 0 , 0.8917576961271102 , 0.8671679197994987 , 0.9379785604900459 , 0.9415841584158415 , 0.9264367816091954 , 0.9392670157068063 , 0.9230769230769231 , 0.5856079404466501 , 
426: 0 , 0 , 0 , 0 , 0 , 0 , 0.9527777777777777 , 0.9750156152404748 , 0 , 0 , 0 , 0.9182968929804373 , 0 , 0 , 0.9738396624472574 , 0 , 0 , 0 , 0.7219251336898396 , 
427: 0 , 0 , 0 , 0 , 0 , 0.49432739059967584 , 0 , 0 , 0 , 0 , 0 , 0.9768339768339769 , 0 , 0 , 0 , 
428: 0 , 0.30844155844155846 , 0 , 0.8942695722356739 , 0 , 0 , 0 , 0 , 0 , 1.0 , 0 , 
429: 0 , 0 , 0.804953560371517 , 0.7867924528301887 , 0 , 0 , 0 , 0 , 0 , 0 , 0.8766666666666667 , 0.98989898989899 , 0.9375 , 0.9631067961165048 , 0 , 0 , 0 , 0 , 0 , 0 , 0 , 0.9938697318007663 , 0 , 0 , 
430: 0 , 0 , 0 , 0 , 0.5023055640946819 , 0 , 0 , 0 , 0.9377880184331797 , 0.05027932960893855 , 0.0625 , 1.0 , 0.374075899457861 , 0.9684684684684685 , 0 , 0.6594594594594595 , 0 , 0.352112676056338 , 0.31973169368362214 , 0 , 0 , 0 , 0 , 0.9712778429073857 , 
431: 0 , 0 , 0 , 0 , 0 , 0 , 0 , 0 , 0 , 0 , 0 , 0 , 0 , 0 , 0 , 0 , 0 , 0.8801369863013698 , 0.8280254777070064 , 0.45840130505709625 , 0 , 0 , 0 , 0.3542319749216301 , 0.5714285714285714 , 1.0 , 
432: 0 , 0.1919191919191919 , 0.930783242258652 , 1.0 , 0 , 
433: 0 , 0 , 0 , 0 , 0 , 0.9406474820143885 , 0 , 0.8914285714285715 , 0.6684491978609626 , 0 , 0 , 
434: 0 , 0 , 0 , 0.8099173553719008 , 0 , 0.9884526558891455 , 0.9935483870967742 , 0.9749813293502614 , 1.0 , 0.6698113207547169 , 
435: 0 , 0 , 0 , 0 , 0 , 0.9259259259259259 , 0.9079102715466352 , 0 , 0 , 0 , 0 , 0 , 0 , 0 , 1.0 , 0.875993640699523 , 0 , 
436: 0 , 0 , 0 , 0 , 0 , 0.9987146529562982 , 0.9919642857142857 , 0.9937662337662337 , 0.14560439560439561 , 
437: 0 , 0 , 0 , 0 , 0 , 0 , 0 , 0 , 0 , 0 , 0 , 0.9711793704967766 , 0.7076923076923077 , 0.704 , 0 , 0.01517706576728499 , 0.3512001443782711 , 0 , 0 , 0 , 0.9915492957746479 , 0 , 0 , 0 , 0 , 0 , 0 , 0 , 0 , 0 , 0 , 0 , 0 , 0 , 0 , 0 , 
438: 0 , 0 , 0.9054726368159204 , 0.8950777202072538 , 0 , 0 , 0 , 0 , 0.7575757575757576 , 0 , 0.008976660682226212 , 0.5566037735849056 , 0.8251121076233184 , 
439: 0 , 0 , 0.5957894736842105 , 0 , 0 , 0 , 0 , 0 , 0 , 0 , 0 , 0 , 0 , 0 , 0 , 0 , 0 , 0 , 0 , 
440: 0 , 0 , 0 , 0 , 0 , 0 , 0 , 0 , 0 , 0 , 0 , 0 , 0 , 
441: 0 , 1.0 , 0.9242424242424242 , 0.9924812030075187 , 0.394524959742351 , 0.17226341037941562 , 0.9886403975860845 , 
442: 0 , 0 , 0 , 0.9615384615384616 , 0.9602272727272727 , 0 , 0 , 0 , 0 , 0 , 0 , 0 , 0 , 0 , 0 , 0.9836065573770492 , 0 , 0 , 0 , 0 , 0 , 0.6750814332247557 , 0.9082191780821918 , 0 , 0 , 0 , 0 , 
443: 0 , 0 , 0 , 0 , 0 , 0 , 0.9728260869565217 , 0 , 
444: 0 , 0.9283299526707235 , 0.9875344018131779 , 
445: 0 , 
446: 0 , 0 , 0 , 0 , 0.9525316455696202 , 
447: 0 , 0 , 0 , 0 , 0 , 0.9981965734896303 , 
448: 0 , 0.9478390461997019 , 
449: 0 , 
450: 0 , 0.6321292775665399 , 0 , 0 , 0.9405940594059405 , 0.8883720930232558 , 0.6861924686192469 , 0 , 0 , 0.06476190476190476 , 0.9097254536993951 , 
451: 0 , 0.8874172185430463 , 0.9072317723770006 , 
452: 0 , 0.7255717255717256 , 0.9722595078299776 , 0 , 0 , 0.8989473684210526 , 0.8095238095238095 , 0.6287128712871287 , 0.9481074481074481 , 0.8407258064516129 , 1.0 , 0 , 
453: 0 , 0.9717887154861945 , 0.4501347708894879 , 0.013333333333333334 , 
454: 0 , 
455: 0 , 0 , 
456: 0 , 0 , 0 , 0 , 0 , 0 , 0 , 0 , 0.9591836734693877 , 0 , 
457: 0 , 1.0 , 0.9494949494949495 , 0.9399141630901288 , 0.9915540540540541 , 0.9596110695587136 , 
458: 0 , 0 , 0 , 0 , 0 , 0 , 0 , 0.9961489088575096 , 0.9919908466819222 , 0 , 0 , 0.6122672508214677 , 0 , 
459: 0 , 0.6907426246185148 , 
460: 0 , 
461: 0 , 
462: 0 , 0 , 0 , 0 , 0.8930041152263375 , 
463: 0 , 
464: 0 , 0 , 0 , 0.997 , 0 , 
465: 0 , 0 , 0 , 0 , 0 , 0 , 0 , 0 , 0.0004731488052992666 , 1.0 , 0 , 
466: 0 , 1.0 , 
467: 0 , 0.8759036144578313 , 0.786 , 
468: 0 , 0 , 0 , 0.9972527472527473 , 0.9946745562130177 , 0.9987489574645538 , 
469: 0 , 0.9571428571428572 , 
470: 0 , 0 , 0 , 0 , 0 , 0 , 0 , 0 , 0 , 
471: 0 , 0 , 0 , 0 , 0.9891304347826086 , 0 , 0 , 0 , 0 , 0.9990766389658357 , 0 , 0 , 0 , 
472: 0 , 0 , 0 , 0 , 0 , 0 , 0 , 0 , 0 , 0 , 1.0 , 0.8686868686868687 , 
473: 0 , 0 , 0 , 
474: 0 , 
475: 0 , 0.9922958397534669 , 
476: 0 , 0 , 
477: 0 , 0 , 0 , 0.4985226967499328 , 0.9714285714285714 , 0.7860780984719864 , 0 , 
478: 0 , 0.9990467111534795 , 0.9675324675324676 , 0.9957256258904946 , 
479: 0 , 0 , 0.941747572815534 , 0 , 0 , 0 , 0 , 0 , 0 , 0 , 1.0 , 
480: 0 , 0 , 0.9946808510638298 , 0 , 0 , 0 , 
481: 0 , 
482: 0 , 
483: 0 , 
484: 0 , 0 , 0 , 0 , 0.9020217729393468 , 0 , 0 , 
485: 0 , 0.9854014598540146 , 
486: 0 , 0.24175824175824176 , 0.6391891891891892 , 
487: 0 , 0 , 0.8618266978922716 , 0.9898148148148148 , 0.9890196078431372 , 0.9850746268656716 , 
488: 0 , 0 , 0.058357348703170026 , 0.9137055837563451 , 0 , 0.6545805621111349 , 0.9980976537729866 , 
489: 0 , 
490: 0 , 0.8997005988023952 , 0.9751381215469613 , 
491: 0 , 0 , 0.9456869009584664 , 0 , 0 , 0 , 
492: 0 , 0.8803680981595092 , 
493: 0 , 0 , 0.853448275862069 , 0 , 0.9919354838709677 , 
494: 0 , 0.9921414538310412 , 0.9925768822905621 , 0.9915343915343915 , 
495: 0 , 0 , 0 , 0 , 0.994328922495274 , 0 , 0.9635678391959799 , 0 , 0 , 0 , 
496: 0 , 0 , 0.8969258589511754 , 0 , 0 , 1.0 , 0.9929153382925965 , 1.0 , 0 , 
497: 0 , 0.9713207547169811 , 0.9928571428571429 , 0 , 
498: 0 , 0 , 0 , 0 , 0 , 0 , 
499: 0 , 0.9668508287292817 , 0 , 0.867816091954023 , 0.07552083333333333 , 0.995136186770428 , 
