0: 0 , 0 , 0 , 0 , 0 , 0 , 0 , 0 , 0 , 0 , 0 , 0 , 0 , 0 , 0 , 0.08442211055276382 , 0 , 0 , 0.8048780487804879 , 0 , 0 , 0 , 0 , 
1: 0 , 0 , 0 , 0 , 0 , 0 , 0 , 0.7889530090684254 , 0 , 0 , 
2: 0 , 0 , 0 , 0 , 0 , 0 , 0 , 0 , 0.30513595166163143 , 0 , 0 , 0 , 0 , 0 , 0.6518375241779497 , 0 , 0.7926421404682275 , 0.01020408163265306 , 0.31718061674008813 , 0 , 0.008174386920980926 , 0.843358395989975 , 0.8536257833482542 , 0 , 0 , 0.15236427320490367 , 0.3659147869674185 , 0 , 0 , 0.1272264631043257 , 0.8176620076238882 , 
3: 0 , 0 , 0.6545012165450121 , 0 , 0 , 0 , 0 , 
4: 0 , 0 , 0 , 0 , 0 , 0 , 0 , 0 , 0 , 0 , 0 , 0 , 0 , 0 , 0 , 0 , 0 , 0 , 0 , 0 , 0 , 0 , 0 , 0 , 0 , 0 , 0.25517241379310346 , 0.727605633802817 , 0 , 0 , 0 , 0 , 0.4810126582278481 , 
5: 0 , 0 , 0 , 0 , 0 , 0 , 0 , 0 , 0 , 0 , 0 , 0 , 0 , 0.3302872062663185 , 0.374900714853058 , 0.2478481311166136 , 0.4118236472945892 , 0 , 0 , 
6: 0 , 0 , 0 , 0 , 0 , 0 , 0 , 0 , 0 , 0 , 0 , 0 , 0 , 0 , 0 , 0 , 0 , 0 , 0 , 0 , 0 , 0 , 0.38039673278879815 , 0.5923809523809523 , 0 , 0 , 
7: 0 , 0 , 0 , 0 , 0 , 0 , 0 , 0 , 0 , 0 , 0 , 0 , 0 , 0 , 0.8823529411764706 , 0 , 0 , 0 , 0.8823529411764706 , 0.8574257425742574 , 0.5288035450516987 , 0 , 0 , 0 , 0 , 0 , 0.016853932584269662 , 0.8384615384615385 , 0 , 0.10236220472440945 , 
8: 0 , 0 , 0 , 0 , 0 , 0 , 0 , 0 , 0 , 0.5316863587540279 , 0 , 0 , 0.38918655625913295 , 0.24815724815724816 , 0.5210329029571013 , 0.40911567096422735 , 0.018292682926829267 , 
9: 0 , 0 , 0 , 0 , 0 , 0 , 0 , 0.8378378378378378 , 0 , 0 , 0 , 0 , 0 , 0.005494505494505495 , 
10: 0 , 0 , 0 , 0 , 0 , 0 , 0 , 0 , 0 , 0 , 0 , 0 , 0 , 0 , 0 , 0 , 0 , 0.4925019731649566 , 0 , 0 , 0.08825396825396825 , 0 , 0 , 
11: 0 , 0 , 0 , 0 , 0 , 0.4216417910447761 , 0 , 0 , 0 , 0.2702702702702703 , 0.47342995169082125 , 0.7455494168201351 , 0.5399399399399399 , 0 , 0 , 
12: 0 , 0 , 0 , 0 , 0 , 0 , 0 , 0 , 0 , 0 , 0 , 0 , 0 , 0 , 0 , 0 , 0 , 0 , 0 , 0 , 0.33507853403141363 , 0.09528049866429207 , 0.49374852559565935 , 0.7386175984902099 , 0.4922671931556433 , 
13: 0 , 0 , 0 , 0 , 0 , 0 , 0 , 0 , 0.43832020997375326 , 0.6328871892925431 , 0 , 0 , 0.4647887323943662 , 0.648 , 0.6321483771251932 , 0.6536181635163852 , 0 , 0 , 
14: 0 , 0 , 0 , 0 , 0.7248677248677249 , 0.8846863468634686 , 0.453125 , 0 , 0.6417682926829268 , 0.2183406113537118 , 0 , 0.8334910122989593 , 0.6898203592814371 , 0 , 0 , 0.3458823529411765 , 0 , 0 , 0 , 0 , 0 , 0.6329787234042553 , 
15: 0 , 0 , 0 , 0 , 0.6480446927374302 , 0.4469914040114613 , 0 , 0 , 0 , 0 , 0 , 0 , 0 , 0 , 0 , 0 , 0.152428810720268 , 0.06574923547400612 , 0.8523401450230719 , 0.7211394302848576 , 
16: 0 , 0 , 0 , 0 , 0 , 0.6577344701583435 , 0 , 0 , 0.739946380697051 , 0 , 0 , 0 , 0.45930232558139533 , 0 , 0 , 0 , 0 , 0 , 
17: 0 , 0 , 0.7192048278310259 , 0 , 0 , 0 , 0.5462304409672831 , 0 , 
18: 0 , 0.006956521739130435 , 0 , 0 , 0 , 0 , 0.7146596858638743 , 0.905103668261563 , 
19: 0 , 0 , 0 , 0 , 0 , 0 , 0 , 0.3448275862068966 , 0 , 0 , 0 , 0 , 0 , 0 , 0 , 0 , 0.5480153649167734 , 0.8647660818713451 , 0 , 0 , 0 , 0 , 0 , 0 , 0 , 0 , 0.2937142857142857 , 0 , 0 , 
20: 0 , 0 , 0.5698324022346368 , 0 , 0.4117647058823529 , 0 , 0 , 0.8163716814159292 , 0.45861297539149887 , 0.9090643274853801 , 0 , 0 , 0.7150259067357513 , 0 , 0.22560975609756098 , 
21: 0 , 0 , 0 , 0 , 0 , 0 , 0 , 0 , 0 , 0 , 0 , 0 , 0 , 0 , 0 , 0 , 0 , 0 , 0.21095890410958903 , 0 , 0.07819383259911894 , 0.9154279856483855 , 0.9857142857142858 , 0.7086223984142715 , 0 , 
22: 0 , 0 , 0 , 0.028 , 0.591919191919192 , 0.005747126436781609 , 0.8170515097690941 , 0 , 0 , 0.12980132450331125 , 0 , 0.8333333333333334 , 0 , 
23: 0 , 0 , 0 , 0 , 0 , 0 , 0.6069078947368421 , 0 , 0 , 0 , 0.35451505016722407 , 0.69773145309626 , 0 , 0 , 0 , 0.036734693877551024 , 
24: 0 , 0 , 0 , 0 , 0 , 0 , 0 , 0 , 0 , 0 , 0.094282572842221 , 0 , 0 , 0 , 0 , 0 , 
25: 0 , 0 , 0 , 0 , 0.8229166666666666 , 0.7000281135788586 , 0 , 0.7265238879736409 , 0.4684931506849315 , 0 , 0.7822014051522248 , 0.05 , 0 , 0 , 0.3059548254620123 , 0.6525679758308157 , 
26: 0 , 0 , 0 , 0.25358942664257866 , 
27: 0 , 0 , 0 , 0 , 0 , 0 , 0 , 0 , 0 , 0 , 0 , 0 , 0.6898148148148148 , 0.4876847290640394 , 0.7246835443037974 , 0 , 0 , 0 , 0 , 0.004 , 0 , 0.15555555555555556 , 0.9026915113871635 , 
28: 0 , 0 , 0 , 0 , 0 , 0 , 0 , 0.45302013422818793 , 0 , 0 , 0.5508365508365508 , 0 , 0 , 0 , 0.7149956153171587 , 0.7041513399894903 , 0.8309859154929577 , 0.50187265917603 , 0 , 
29: 0 , 0 , 0 , 0 , 0 , 0 , 0 , 0 , 0.298728813559322 , 0.6501014198782962 , 0.525323910482921 , 0.6674698795180722 , 0 , 0 , 0 , 0 , 0 , 0 , 0 , 0 , 0.3566084788029925 , 0.7154471544715447 , 0.6978074356530028 , 
30: 0 , 0 , 0 , 0.6535859269282814 , 0 , 0 , 0.4956195244055069 , 
31: 0 , 0 , 0 , 0 , 0 , 0 , 0 , 0 , 0 , 0 , 0 , 0 , 0 , 0 , 0 , 0 , 0.8815426997245179 , 0 , 0 , 0 , 0 , 
32: 0 , 0.26118067978533094 , 0 , 0 , 0 , 0 , 0 , 0 , 0.27233115468409586 , 0 , 0 , 0 , 0.47641509433962265 , 0.5449150256271919 , 0.8243306716768436 , 
33: 0 , 0 , 0 , 0 , 0 , 0 , 0 , 0.6803699897225077 , 0.10053619302949061 , 0 , 0.798469387755102 , 0.812220566318927 , 0 , 0.7254054054054054 , 0.7797936677339026 , 0 , 
34: 0 , 0 , 0 , 0 , 0 , 0 , 0 , 0.177007299270073 , 0 , 0 , 0 , 0 , 0 , 0 , 0 , 0 , 0.9015215553677092 , 0.9238754325259516 , 0 , 0 , 0 , 
35: 0 , 0 , 0 , 0 , 0 , 0 , 0 , 0 , 0 , 0 , 0 , 0.6776859504132231 , 
36: 0 , 0.3512064343163539 , 0 , 0.9071969696969697 , 0 , 0 , 
37: 0 , 0 , 0 , 0 , 0 , 0 , 0 , 0 , 0 , 0 , 0 , 0.22426991777714772 , 0 , 
38: 0 , 0 , 0.014792899408284023 , 0.76 , 0.8700361010830325 , 0 , 0.017964071856287425 , 0.508682328907048 , 0.5120350109409191 , 0.1414965986394558 , 0.5071428571428571 , 
39: 0 , 0 , 0 , 0.45539906103286387 , 0.815677966101695 , 0.4612676056338028 , 0.5594855305466238 , 0 , 0 , 0 , 0.16812022004561922 , 0.31565656565656564 , 0.3936 , 0.5955678670360111 , 
40: 0 , 0 , 0.23728813559322035 , 0 , 0 , 0.7433469805527124 , 0 , 0 , 0 , 0 , 0.19601328903654486 , 0.6390449438202247 , 0 , 0.8851351351351351 , 0 , 0 , 0 , 0 , 0.5257731958762887 , 
41: 0 , 0 , 0.36486486486486486 , 0 , 0.786692759295499 , 0.7580645161290323 , 0 , 0 , 0 , 0 , 0 , 0 , 0 , 0 , 0 , 0 , 0 , 0 , 0 , 0.44463423691050874 , 0.6117824773413897 , 0.27340823970037453 , 0.6884389288047028 , 
42: 0 , 0 , 0 , 0 , 0 , 0 , 0 , 0 , 0 , 0 , 0 , 0 , 0 , 0 , 0 , 0 , 0 , 0 , 0.8422273781902552 , 0.7698529411764706 , 0.9209770114942529 , 0.8191721132897604 , 0 , 0 , 0 , 0 , 
43: 0 , 0 , 0.41568627450980394 , 0 , 0 , 0 , 0 , 0 , 0 , 0 , 0 , 0 , 0 , 0 , 0.28602811950790863 , 0 , 0 , 0 , 0 , 0 , 0 , 0 , 0.24577861163227016 , 0 , 0.8069872762562001 , 0.7188940092165899 , 0 , 0.005649717514124294 , 0 , 
44: 0 , 0 , 0 , 0 , 0 , 0 , 0 , 0 , 0 , 0.3076923076923077 , 
45: 0 , 0 , 0 , 0 , 0 , 0 , 0 , 0 , 0 , 0 , 0 , 0 , 0 , 0.455743879472693 , 0.6239530988274706 , 0.8993152422013695 , 0 , 0 , 0.5366666666666666 , 0 , 0 , 0 , 0 , 0 , 0.42011834319526625 , 
46: 0 , 0 , 0 , 0 , 0 , 0 , 0 , 0 , 0.37708649468892264 , 0 , 0 , 0 , 
47: 0 , 0 , 0 , 0 , 0 , 0 , 0 , 0 , 0 , 0 , 0 , 
48: 0 , 0.6726190476190477 , 0.7057877813504824 , 0 , 0 , 0 , 0 , 0 , 0 , 0.18063314711359404 , 0.9159584513692163 , 0 , 0 , 0 , 0 , 0.44360902255639095 , 0.29333333333333333 , 0 , 0.15289256198347106 , 
49: 0 , 0 , 0 , 0 , 0 , 0 , 0 , 0 , 0 , 0 , 0 , 0 , 0 , 0.9710743801652892 , 0.13432835820895522 , 
50: 0 , 0 , 0.7610619469026548 , 0 , 0 , 0 , 0 , 0 , 0 , 0.18892857142857142 , 0 , 0.05947791607005177 , 0 , 
51: 0 , 0 , 0 , 0 , 0 , 0 , 0 , 0 , 0 , 0 , 0.08839050131926121 , 0.7602767602767603 , 0 , 0 , 0 , 0 , 0 , 0.2693498452012384 , 0.735820895522388 , 0.6340819022457067 , 0.8618469462840324 , 0 , 
52: 0 , 0 , 0 , 0 , 0 , 0 , 0.38377192982456143 , 0.6315179606025493 , 0 , 0.4557739557739558 , 0.6814457831325301 , 0 , 0 , 0 , 0 , 0 , 0.3978819969742814 , 0 , 0 , 0.06986531986531987 , 0.508669394116501 , 
53: 0 , 0.4565826330532213 , 0 , 
54: 0 , 0 , 0 , 0 , 0 , 0 , 0 , 0.7089108910891089 , 0 , 0.5486381322957199 , 0 , 0.07 , 0 , 
55: 0 , 0 , 0 , 0 , 0 , 0.8313492063492064 , 0 , 0 , 0.6092843326885881 , 0 , 0 , 0 , 0 , 0 , 0.6028602860286029 , 0 , 0.07259439707673569 , 0 , 0.03571428571428571 , 
56: 0 , 0 , 0 , 0 , 0 , 0 , 0.779639175257732 , 0 , 0.8567311650885138 , 0.4012345679012346 , 0.7894288150042625 , 0 , 0 , 0.9667405764966741 , 0 , 0 , 0 , 0.599388379204893 , 0.0035335689045936395 , 0 , 
57: 0 , 0 , 0 , 0 , 0 , 0 , 0 , 0 , 0 , 0.5256257449344458 , 0 , 0 , 0.2422062350119904 , 0.39176245210727967 , 0.8385370205173952 , 0 , 0.03535651149086624 , 0 , 
58: 0 , 0 , 0 , 0 , 0 , 0 , 0 , 0 , 0 , 0 , 0 , 0.48616600790513836 , 0.8816503800217155 , 0 , 0 , 0 , 0 , 0.7984555984555984 , 0 , 0 , 0 , 
59: 0 , 0 , 0 , 0 , 0.07267391679613326 , 0 , 0 , 
60: 0 , 0 , 0 , 0 , 0 , 0 , 0 , 0 , 0 , 0 , 0 , 0 , 0 , 0 , 0 , 0 , 0 , 0 , 0.4637096774193548 , 0.7076310144039227 , 0.7072738024837374 , 0.8701380175658721 , 0 , 
61: 0 , 0 , 0 , 0 , 0.2567369654364382 , 0.6825396825396826 , 0.15460992907801419 , 0.1818783068783069 , 
62: 0 , 0 , 0 , 0 , 0 , 0 , 0 , 0 , 0 , 0.21829855537720708 , 0.3568965517241379 , 0.5803393213572854 , 0 , 0 , 0.455 , 0 , 0.8783367556468172 , 0 , 0 , 0 , 0 , 
63: 0 , 0 , 0.7467136902853478 , 0 , 0 , 0.871623874624875 , 
64: 0 , 0.5744234800838575 , 0.7866766467065869 , 0.4690366972477064 , 0.02181208053691275 , 0.6645885286783042 , 0 , 0.6233836206896551 , 0.569327731092437 , 0 , 0.4322033898305085 , 0.2786666666666667 , 0.7759562841530054 , 0.6203872853489222 , 0.12620837808807733 , 
65: 0 , 0 , 0 , 0 , 0 , 0 , 0 , 0.5728155339805825 , 0 , 0 , 0.5982142857142857 , 0 , 0 , 0.04411764705882353 , 0 , 0 , 0 , 0.798469387755102 , 0.015060240963855422 , 0.049019607843137254 , 0.10133333333333333 , 0.8951048951048951 , 0.6096256684491979 , 0.10687022900763359 , 0.5360046457607434 , 0 , 0 , 0.11428571428571428 , 0 , 0.2217741935483871 , 0 , 
66: 0 , 0 , 0 , 0 , 0 , 0 , 0 , 0 , 0 , 0 , 0.8612565445026178 , 0 , 0 , 0 , 0.8811475409836066 , 0.4477124183006536 , 0 , 0 , 0 , 
67: 0 , 0 , 0 , 0 , 0 , 0 , 0 , 0 , 0 , 0.3385416666666667 , 0.7852112676056338 , 0 , 0 , 0.32460732984293195 , 0.7181818181818181 , 0 , 0 , 0 , 0.39364303178484106 , 
68: 0 , 0.6017964071856288 , 0 , 0 , 0 , 0 , 0 , 0 , 0 , 0 , 0 , 0 , 0 , 0 , 0 , 0 , 0.6086956521739131 , 0.022926500337154418 , 0 , 0 , 
69: 0 , 0.2843601895734597 , 0 , 0 , 0 , 0.24875124875124874 , 0.4563986409966025 , 0 , 0 , 0.0020408163265306124 , 
70: 0 , 0 , 0 , 0 , 0 , 0 , 0 , 0 , 0 , 0 , 0 , 0 , 0.761640798226164 , 0 , 0 , 0 , 0 , 0 , 0.17796610169491525 , 0.5387931034482759 , 0 , 0 , 0 , 0 , 0.005154639175257732 , 
71: 0 , 0 , 0 , 0 , 0 , 0 , 0 , 0 , 0 , 0.4785772029102668 , 0 , 0 , 0 , 0.05374823196605375 , 0.8540540540540541 , 0 , 0 , 0.08053691275167785 , 0.6523076923076923 , 
72: 0 , 0.6516245487364621 , 0 , 0 , 0 , 0 , 0 , 0 , 0 , 0 , 0 , 0 , 0 , 0 , 0.7477539737387698 , 0 , 0.30446672743846853 , 0.2365735767991407 , 0.6494623655913978 , 0 , 0 , 
73: 0 , 0 , 0.7366863905325444 , 0.3669724770642202 , 0 , 0.4878048780487805 , 0 , 
74: 0 , 0 , 0.8440860215053764 , 0 , 0 , 0 , 0 , 0.7035928143712575 , 0 , 0.1653210303729335 , 0 , 0 , 0.591304347826087 , 
75: 0 , 0 , 0 , 0 , 0 , 0 , 0 , 0 , 0 , 0 , 0 , 0 , 0 , 0.4708029197080292 , 
76: 0 , 0 , 0 , 0 , 0 , 0 , 0 , 0 , 0 , 0 , 0 , 0 , 0.8125714285714286 , 0.574468085106383 , 0.8845771144278607 , 0 , 0 , 0 , 0.35396039603960394 , 0 , 0.1497695852534562 , 0.5474006116207951 , 0.6282352941176471 , 0.5695067264573991 , 0.6987788331071914 , 0.7803060023538643 , 0 , 0 , 
77: 0 , 0 , 0 , 0.6360544217687075 , 0 , 0 , 0.9490445859872612 , 0 , 0 , 0.9029003783102144 , 0 , 0 , 0 , 0.2922374429223744 , 0.4847161572052402 , 0 , 0 , 0.6821295143212951 , 0.7965299684542587 , 0 , 0 , 0 , 0.2134387351778656 , 0.8202637057598889 , 0.05172413793103448 , 
78: 0 , 0 , 0.6068821689259646 , 0 , 0 , 0 , 0 , 0 , 0.17403708987161198 , 0.8812893081761006 , 
79: 0 , 0.6698564593301436 , 0 , 0 , 0 , 0 , 0 , 0.7152188112344873 , 0.8477112676056338 , 0.9036682615629984 , 0.8058455114822547 , 0 , 0 , 0 , 0 , 0.4851190476190476 , 0 , 
80: 0 , 0 , 0 , 0 , 0 , 0 , 0 , 0 , 0 , 0 , 0 , 0 , 0 , 0.4982618771726535 , 0 , 0.5918057663125948 , 0.6356877323420075 , 0 , 0 , 
81: 0 , 0 , 0 , 0 , 0 , 0 , 0 , 0 , 0 , 0 , 0 , 0 , 0 , 
82: 0 , 0 , 0 , 0 , 0 , 0 , 0 , 0.4556485355648536 , 0.901819720694033 , 0 , 0.11559818273599193 , 0 , 
83: 0 , 0 , 0 , 0 , 0 , 0 , 0 , 0 , 0.1763157894736842 , 0.7485515643105446 , 0.6529175050301811 , 0 , 0 , 0 , 0 , 0 , 0 , 0 , 0 , 0 , 
84: 0 , 0.9090909090909091 , 0 , 0.10865874363327674 , 0 , 0.676663542642924 , 0.38261997405966275 , 0.7800650054171181 , 0 , 0 , 
85: 0 , 0 , 0 , 0 , 0 , 0 , 0 , 0 , 0 , 0 , 0.48993808049535603 , 0.699853228962818 , 0 , 0 , 0 , 0 , 0 , 0 , 0 , 0 , 0.1 , 0 , 0 , 0 , 0 , 0 , 0 , 
86: 0 , 0 , 0 , 0 , 0 , 0.37628865979381443 , 0 , 0 , 0 , 0 , 0 , 0 , 0 , 0 , 0 , 0 , 0 , 0 , 0 , 0 , 0.708498023715415 , 0.6653333333333333 , 0 , 0 , 0 , 0.03143418467583497 , 0.23039215686274508 , 0.7788719785138765 , 0 , 
87: 0 , 0 , 0 , 0 , 0 , 0 , 0 , 0 , 0 , 0 , 0 , 0 , 0 , 0 , 0.056962025316455694 , 0 , 0.5364583333333334 , 0 , 0 , 0 , 0 , 0.04647887323943662 , 0.8995756718528995 , 0 , 0.3724696356275304 , 0.5 , 0 , 0 , 0 , 0 , 0 , 0 , 0.9454545454545454 , 0 , 0 , 0 , 
88: 0 , 0 , 0 , 0 , 0 , 0 , 0 , 0.6235011990407674 , 0 , 0 , 0 , 0 , 0 , 0 , 0.6990595611285266 , 0 , 0 , 0 , 0 , 0.2911317865975739 , 0 , 0 , 0 , 0 , 0.15965166908563136 , 
89: 0 , 0 , 0.7754237288135594 , 0 , 0.6754288876591035 , 0.649932157394844 , 0 , 0 , 
90: 0 , 0 , 0 , 0 , 0.4186046511627907 , 0 , 0 , 0 , 0 , 0.8151194672933804 , 0 , 0 , 0.14054901960784313 , 0 , 0 , 0.0821917808219178 , 
91: 0 , 0.6177109440267335 , 0.3125 , 0.3790523690773067 , 0 , 0 , 0 , 0 , 0.36883802816901406 , 0 , 0.4510739856801909 , 0 , 
92: 0 , 0 , 0 , 0 , 0 , 0 , 0 , 0.08522727272727272 , 0 , 0 , 0 , 0 , 0.4027777777777778 , 0.6299212598425197 , 0 , 0 , 0 , 0.007874015748031496 , 0.7579746835443038 , 0 , 0.04411764705882353 , 0.8539130434782609 , 0 , 
93: 0 , 0 , 0 , 0 , 0 , 0 , 0 , 0 , 0 , 0 , 0 , 0 , 0.3741496598639456 , 0.8711240310077519 , 0.4288398309065289 , 0 , 0 , 0.5456521739130434 , 0.6641221374045801 , 
94: 0 , 0 , 0.023529411764705882 , 0 , 0 , 0 , 0 , 0 , 0 , 0 , 0 , 0.33695652173913043 , 0.2734375 , 0.7662674004532211 , 0.8335269066976384 , 0.37630662020905925 , 0.13307240704500978 , 0.7890365448504983 , 0 , 0 , 0.6889312977099237 , 0 , 
95: 0 , 0 , 0 , 0 , 0.05945945945945946 , 0 , 0 , 0 , 0 , 0 , 0.865 , 0.8451882845188284 , 0 , 0 , 0 , 0.09326424870466321 , 0.6546762589928058 , 0 , 0.7996219281663516 , 0 , 0 , 0 , 0.6479591836734694 , 0.8586206896551725 , 0.6359447004608295 , 0.4254032258064516 , 0 , 0.38202247191011235 , 0 , 
96: 0 , 0 , 0 , 0 , 0 , 0 , 0 , 0 , 0 , 0 , 0 , 0 , 0 , 0 , 0.42617107942973526 , 0.5327731092436975 , 0 , 0.618421052631579 , 0 , 0 , 0 , 
97: 0 , 0 , 0 , 0 , 0 , 0 , 0 , 0.4057971014492754 , 0.34065934065934067 , 0 , 0.7752808988764045 , 0 , 0 , 0 , 0 , 0 , 0 , 0 , 0 , 0.17027027027027028 , 0 , 0 , 0.04356955380577428 , 0.033891850723533894 , 0.7796182931220742 , 0 , 0 , 0 , 0.8125 , 
98: 0 , 0 , 0 , 0 , 0 , 0 , 0 , 0 , 0.7606837606837606 , 0.5852842809364549 , 0.37445414847161573 , 0.8666323377960865 , 0 , 0 , 0 , 
99: 0 , 0 , 0 , 0.8606158833063209 , 0.7951105937136205 , 0.8312195121951219 , 0.7177100958826848 , 0 , 0.5661016949152542 , 0.5401635401635402 , 
100: 0 , 0 , 0 , 0 , 0 , 0 , 0 , 0 , 0 , 0 , 0 , 0 , 0 , 0.805088223225277 , 0 , 0 , 0.7063986409966025 , 0.5 , 0.2581699346405229 , 0 , 
101: 0 , 0 , 0 , 0 , 0 , 0 , 0 , 0 , 0.12109375 , 0.7558109166884304 , 0 , 0 , 0 , 0 , 
102: 0 , 0 , 0 , 0 , 0 , 0 , 0 , 0 , 0.7705329153605016 , 0 , 0 , 0 , 0 , 0 , 
103: 0 , 0.5914893617021276 , 0 , 0 , 0.8280616382806164 , 0.581446311176041 , 0.8467595396729255 , 0 , 0 , 0 , 0 , 0 , 0 , 0 , 0 , 0 , 0 , 0 , 0 , 0 , 0 , 0.562942008486563 , 0 , 0 , 0 , 0 , 0.834662413609782 , 0 , 0 , 0 , 0.5277122641509434 , 0 , 0.01092896174863388 , 
104: 0 , 0 , 0 , 0 , 0 , 0.7282636248415716 , 0 , 0 , 0 , 0 , 0 , 
105: 0 , 0 , 0 , 0 , 0 , 0 , 0.44274809160305345 , 0 , 0.5529411764705883 , 0 , 0 , 0 , 0.7573863636363637 , 0.4881656804733728 , 0 , 0 , 0 , 0 , 0 , 
106: 0 , 0 , 0 , 
107: 0 , 0 , 0 , 0 , 0 , 0.7549295774647887 , 0 , 0 , 0 , 0 , 0 , 0 , 0.07317073170731707 , 0 , 0.12572254335260116 , 0.22506738544474394 , 0.5148583275742916 , 
108: 0 , 0.5735475896168108 , 0.6882290562036055 , 0 , 0 , 0 , 0 , 0 , 0 , 0.017429193899782137 , 0.5855457227138643 , 0 , 0 , 0 , 0 , 0 , 0 , 0 , 0 , 0.84 , 0 , 0 , 0 , 0 , 0 , 0.272887323943662 , 0.2806451612903226 , 
109: 0 , 0 , 0 , 0 , 0 , 0 , 0 , 0 , 0.37662337662337664 , 0 , 0 , 0 , 0 , 0.8882235528942116 , 0.4640804597701149 , 0 , 0 , 0 , 0 , 0 , 0.5138568129330254 , 0 , 0 , 0.30563961485557084 , 
110: 0 , 0 , 0 , 0 , 0 , 0 , 0 , 0 , 0 , 0 , 0 , 0 , 0 , 0.884046381447421 , 0.3694029850746269 , 0 , 0.07789972024962341 , 0 , 0 , 0 , 0 , 
111: 0 , 0 , 0 , 0 , 0 , 0 , 0.7657342657342657 , 0 , 0 , 0 , 0 , 0 , 0 , 0 , 0 , 0.6943681318681318 , 0 , 0 , 0 , 0.06928406466512702 , 0 , 
112: 0 , 0 , 0 , 0 , 0 , 0 , 0 , 0 , 0 , 0 , 0 , 0 , 0.6111111111111112 , 0 , 0 , 0 , 0 , 0 , 0.5816203143893591 , 0.33731739707835323 , 0 , 0.7083576855639977 , 0 , 0 , 0 , 0 , 0 , 0 , 0 , 0 , 0 , 0.6889692585895117 , 
113: 0 , 0 , 0 , 0 , 0 , 0 , 0 , 0 , 0.5640138408304498 , 0 , 0 , 0 , 0 , 0 , 0 , 0.7226027397260274 , 0.9662921348314607 , 0 , 0 , 0.6984126984126984 , 
114: 0 , 0 , 0 , 0.3189033189033189 , 0.3524804177545692 , 0.6486220472440944 , 0 , 
115: 0 , 0 , 0 , 0 , 0 , 0 , 0 , 0 , 0.24183514774494558 , 0 , 0 , 0.13859649122807016 , 0 , 0 , 
116: 0 , 0 , 0 , 0 , 0 , 0 , 0 , 0 , 0 , 0 , 0 , 0 , 0.4408839779005525 , 0.5382700684505289 , 0.6484192658603861 , 0.387192851824274 , 
117: 0 , 0 , 0 , 0.5872093023255814 , 0.3916083916083916 , 0 , 0 , 0.6762928139691068 , 0 , 0.4978165938864629 , 
118: 0 , 0 , 0 , 0 , 0 , 0 , 0 , 0 , 0 , 0 , 0 , 0 , 0 , 0 , 0 , 0 , 0.7933761739990114 , 0.62546764583622 , 
119: 0 , 0.6605080831408776 , 0.25359911406423036 , 0.6490765171503958 , 0 , 0 , 0.7614991482112436 , 0 , 0.36363636363636365 , 0.6782449725776966 , 0 , 0 , 0 , 0.7793594306049823 , 
120: 0 , 0 , 0 , 0 , 0 , 0 , 0 , 0 , 0 , 0 , 0 , 0.5525150905432595 , 0.7166055526453641 , 0 , 
121: 0 , 0 , 0 , 0 , 0 , 0 , 0.3130081300813008 , 0.6824034334763949 , 0 , 0 , 0 , 0 , 0 , 0 , 0 , 0 , 0 , 
122: 0 , 0 , 0 , 0 , 0 , 0 , 0 , 0 , 0 , 0.5611382836816363 , 0.48138297872340424 , 0 , 0 , 0 , 0 , 0.7128 , 0 , 0 , 0 , 0.3712918660287081 , 0 , 0 , 
123: 0 , 0 , 0 , 0.5353535353535354 , 0.8287974683544304 , 0.6666666666666666 , 0 , 
124: 0 , 0 , 0.4764196342637151 , 0.0026155187445510027 , 0.5669642857142857 , 0.292388847023361 , 0 , 0 , 0.6174334140435835 , 
125: 0 , 0 , 0 , 0 , 0.6136606189967982 , 0 , 0.6519572953736655 , 0.5513784461152882 , 0 , 0 , 0 , 0 , 0 , 0.47850678733031676 , 0 , 0.3561253561253561 , 
126: 0 , 0 , 0 , 0 , 0 , 0 , 0 , 0.7245508982035929 , 0 , 0 , 0 , 0.7804428044280443 , 0 , 0 , 0.0777972027972028 , 0.9157894736842105 , 0 , 0 , 0.5811764705882353 , 0 , 0.4942528735632184 , 0 , 0.967381974248927 , 0 , 0 , 0.14 , 
127: 0 , 0 , 0 , 0 , 0 , 0 , 0 , 0 , 0.13402061855670103 , 0 , 0.64 , 0.7698019801980198 , 0 , 0 , 0 , 0 , 0 , 0 , 0 , 0 , 0 , 0 , 0.6788537549407114 , 0 , 0 , 0 , 0.20840950639853748 , 0.5252062328139322 , 0.3470319634703196 , 0.6111801242236025 , 
128: 0 , 0.6744186046511628 , 0 , 0 , 0 , 0 , 0 , 0 , 0.18975332068311196 , 0 , 0 , 0 , 0.7271604938271605 , 0.2624867162592986 , 0.6530183727034121 , 0.8015689893862483 , 0.840086052348512 , 0.21297770700636942 , 
129: 0 , 0 , 0 , 0 , 0 , 0 , 0 , 0 , 0 , 0 , 0.6366279069767442 , 0.668010752688172 , 0 , 0 , 0 , 0.8846888125238641 , 0 , 0 , 0 , 0 , 0.2710843373493976 , 0.7515337423312883 , 
130: 0 , 0 , 0 , 0 , 0.4556213017751479 , 0 , 0 , 0 , 0 , 0 , 0 , 0 , 0 , 0 , 0 , 0 , 0 , 0 , 0 , 0.5590173756740563 , 0 , 0 , 0 , 0 , 0 , 0 , 0 , 
131: 0 , 0 , 0 , 0 , 0 , 0 , 0 , 0.6029038112522686 , 0 , 0 , 0 , 0 , 0 , 0 , 0.36257309941520466 , 0.1986754966887417 , 0.06215578284815106 , 0.09854014598540146 , 0.7084967320261438 , 0 , 0 , 0 , 0 , 
132: 0 , 0 , 0 , 0 , 0 , 0.9574468085106383 , 0 , 0 , 0 , 0 , 0 , 0 , 0 , 0 , 0 , 0 , 0 , 0 , 0 , 0 , 0 , 0 , 0.3283582089552239 , 0.5337423312883436 , 0 , 0.34074074074074073 , 
133: 0 , 0 , 0 , 0 , 0 , 0 , 0 , 0 , 0.31101511879049676 , 0.5679012345679012 , 0.8730964467005076 , 0 , 0 , 
134: 0 , 0 , 0 , 0 , 0 , 0 , 0 , 0 , 0 , 0.1870026525198939 , 0 , 0 , 0.5934959349593496 , 0.10314136125654451 , 0.7891682785299806 , 0 , 0 , 
135: 0 , 0 , 0 , 0 , 0 , 0 , 0 , 0 , 0 , 0.496551724137931 , 0 , 0 , 0 , 0 , 0 , 0.14035087719298245 , 0 , 
136: 0 , 0 , 0 , 0.6293290043290043 , 0.4955223880597015 , 0 , 0.25922658432583445 , 0 , 
137: 0 , 0.7765567765567766 , 0 , 0 , 0 , 0 , 0 , 0 , 0 , 0 , 0 , 0 , 0 , 0 , 0 , 0 , 0 , 0 , 0 , 0.2627551020408163 , 0.5034658883619118 , 0 , 0 , 0.40348767288033677 , 0.8538681948424068 , 0.015267175572519083 , 0 , 0.5761904761904761 , 0 , 0.3127962085308057 , 
138: 0 , 0.25 , 0 , 0 , 0 , 0 , 0 , 0 , 0 , 0 , 0 , 0 , 0 , 0 , 0.18818380743982493 , 0 , 0.8265402843601896 , 0.03775241439859526 , 0 , 0 , 0 , 0.8978494623655914 , 0 , 0 , 
139: 0 , 0 , 0 , 0 , 0 , 0 , 0 , 0 , 0 , 0 , 0.6951048951048951 , 0 , 0 , 0 , 0 , 0 , 0 , 0 , 0.6741778319123021 , 0.8428158148505304 , 0 , 0 , 0 , 0.5176470588235295 , 
140: 0 , 0 , 0 , 0 , 0 , 0.0024449877750611247 , 0.8627737226277372 , 0.08681135225375626 , 0.7419354838709677 , 0 , 0.5924170616113744 , 0.5472972972972973 , 0 , 0 , 0 , 
141: 0 , 0 , 0.4444444444444444 , 0 , 0 , 0 , 0.4462081128747795 , 0 , 0 , 0 , 0 , 0 , 0 , 0 , 
142: 0 , 0.6319612590799032 , 0 , 0 , 0 , 0 , 0 , 0.19021739130434784 , 0 , 0.6336423841059603 , 0 , 0 , 0 , 0 , 0 , 0 , 
143: 0 , 0 , 0 , 0 , 0 , 0 , 0 , 0 , 0 , 0 , 0 , 0 , 0 , 0.6281661600810537 , 0 , 0 , 0 , 
144: 0 , 0 , 0 , 0 , 0.6677966101694915 , 0 , 0.5641025641025641 , 0.7316176470588235 , 0 , 0 , 0 , 
145: 0 , 0 , 0 , 0 , 0 , 0 , 0 , 0 , 0 , 0.2440251572327044 , 0 , 0 , 
146: 0 , 0 , 0 , 0.27380952380952384 , 0 , 0 , 0 , 0 , 0 , 0 , 0 , 0 , 0 , 0 , 0 , 0 , 0 , 0 , 0 , 0 , 0 , 0 , 
147: 0 , 0 , 0 , 0 , 0.14705882352941177 , 0 , 0.8228511530398323 , 0 , 0 , 0 , 0 , 0.46328852119958636 , 0.9408077994428969 , 0.5753424657534246 , 0.0273972602739726 , 0 , 0.5413533834586466 , 0.640926640926641 , 0.4194893173527879 , 0.3244274809160305 , 
148: 0 , 0 , 0 , 0 , 0 , 0 , 0 , 0.7734806629834254 , 0 , 0.09090909090909091 , 0 , 0 , 0.012345679012345678 , 0 , 0.9544198895027625 , 0.0016556291390728477 , 0.00228310502283105 , 0.03900709219858156 , 0 , 0.4126984126984127 , 
149: 0 , 0 , 0 , 0 , 0 , 0 , 0 , 0 , 0 , 0 , 0 , 0.7943615257048093 , 0.20347826086956522 , 0.7966648735879505 , 0 , 0 , 0 , 
150: 0 , 0 , 0 , 0 , 0 , 0 , 0 , 0 , 0 , 0 , 0 , 0 , 0 , 0 , 0.075 , 0.6500904159132007 , 0.30633802816901406 , 0.193359375 , 0 , 0 , 
151: 0 , 0 , 0 , 0 , 0 , 0 , 0.7396449704142012 , 0 , 0 , 0 , 0 , 0 , 0 , 0 , 0 , 0 , 0 , 0 , 0 , 0 , 0 , 0 , 0 , 0 , 0.6108374384236454 , 0 , 
152: 0 , 0 , 0 , 0 , 0 , 0 , 0 , 0 , 0 , 0 , 0 , 0.13034188034188035 , 0 , 0.60431654676259 , 0 , 0.8446735395189003 , 0 , 0 , 
153: 0 , 0 , 0.19314641744548286 , 0.8734177215189873 , 0 , 0.40476190476190477 , 0 , 0 , 0 , 0.31596638655462184 , 0 , 0 , 0 , 0.6888619854721549 , 0.18355855855855857 , 0 , 0.13115284974093264 , 0.047619047619047616 , 0.6666666666666666 , 0.963855421686747 , 
154: 0 , 0 , 0 , 0 , 0 , 0 , 0 , 0 , 0 , 0 , 0 , 0 , 0 , 0 , 0 , 0.4993252361673414 , 0 , 0 , 0.14783347493627869 , 0 , 
155: 0 , 0.3110236220472441 , 0.43256997455470736 , 0 , 0.9378787878787879 , 
156: 0 , 0.005067567567567568 , 0.7942238267148014 , 0 , 0 , 0.872048743335872 , 0 , 0 , 0 , 0 , 0 , 0 , 0 , 0 , 0 , 0 , 0.5931758530183727 , 0 , 0 , 0 , 0 , 0.6870685687988956 , 0 , 0 , 0.2863636363636364 , 
157: 0 , 0 , 0 , 0 , 0 , 0 , 0 , 0 , 0 , 0 , 0 , 0 , 0.07586206896551724 , 0 , 0 , 0 , 0 , 0 , 0.5428571428571428 , 0.7387247278382582 , 0 , 0.7021276595744681 , 0 , 0.6587578506629449 , 0 , 0 , 0 , 0 , 0 , 0.1070110701107011 , 0 , 0.0064516129032258064 , 0.8828451882845189 , 0 , 
158: 0 , 0 , 0 , 0.530933633295838 , 0 , 
159: 0 , 0 , 0 , 0 , 0 , 0 , 0 , 0.535195530726257 , 0 , 0.6861567635903919 , 0 , 0 , 0 , 0 , 0 , 0 , 0.8954314720812183 , 0.16136363636363638 , 
160: 0 , 0 , 0 , 0.6931818181818182 , 0 , 0 , 0 , 0.7048161574313827 , 0 , 0 , 0 , 0 , 0.0005030181086519115 , 0 , 0 , 0 , 0 , 0 , 0 , 0.2940239043824701 , 
161: 0 , 0 , 0.7698826597131682 , 
162: 0 , 0 , 0 , 0 , 0 , 0 , 0 , 0 , 0 , 0 , 0 , 0 , 0 , 
163: 0 , 0 , 0 , 0.04807692307692308 , 0 , 0 , 0 , 0 , 0 , 0 , 0.8705440900562852 , 0.6029411764705882 , 0.6365131578947368 , 0 , 
164: 0 , 0.2046783625730994 , 0.06550868486352357 , 0.004006410256410256 , 0.03797897592404205 , 0.8347107438016529 , 0.05209155485398579 , 0.7233333333333334 , 0.7122464312546957 , 0.6875 , 0 , 0 , 
165: 0 , 0.8530020703933747 , 0 , 0 , 0.4972375690607735 , 0.4528301886792453 , 
166: 0 , 0 , 0 , 0 , 0 , 0 , 0 , 0 , 0 , 0.275 , 0.6797004991680532 , 0.12192723697148476 , 0 , 0 , 0 , 0 , 0 , 0 , 0 , 0.7708042770804278 , 0.626114315679077 , 0 , 
167: 0 , 0.26409495548961426 , 0 , 0 , 0 , 0 , 0 , 0 , 0 , 0 , 0 , 0 , 0 , 0.012875536480686695 , 0.6539379474940334 , 0.2961208840775823 , 0.37413280475718536 , 0.03940886699507389 , 0.44333333333333336 , 0.6938956060159245 , 0 , 0 , 0 , 
168: 0 , 0 , 0 , 0 , 0 , 0 , 0 , 0 , 0 , 0 , 0 , 0 , 0 , 0 , 0.3333333333333333 , 0 , 0 , 0.00170261066969353 , 0.6391515461282903 , 0 , 0 , 0 , 0 , 0 , 0 , 
169: 0 , 0 , 0 , 0 , 0.0847457627118644 , 0 , 0 , 0.6318045435062152 , 0.8635734072022161 , 0 , 0.6231292517006802 , 0.2855504587155963 , 
170: 0 , 0 , 0 , 0 , 0 , 0 , 0 , 0.9235976789168279 , 0.11436541143654114 , 0.759825327510917 , 0 , 0.796957671957672 , 0.27106466361855 , 0 , 0 , 0 , 
171: 0 , 0 , 0 , 0.3360323886639676 , 0 , 0 , 0 , 0 , 0 , 0 , 0 , 0 , 0.23795620437956205 , 0.6621315192743764 , 0.8784403669724771 , 0 , 0 , 0 , 0 , 0 , 0.7061068702290076 , 0 , 
172: 0 , 0 , 0 , 0.7593935398813447 , 0.7796506282562059 , 0 , 0.49206349206349204 , 0 , 0.8354430379746836 , 
173: 0 , 0 , 0 , 0 , 0 , 0 , 0.45302013422818793 , 0 , 0.6569965870307167 , 0.7913267496779733 , 0.6594594594594595 , 0 , 0 , 
174: 0 , 0 , 0 , 0 , 0.3442622950819672 , 0 , 0 , 0 , 0 , 
175: 0 , 0 , 0 , 0 , 0.2600732600732601 , 0 , 0 , 0 , 0 , 0 , 0.2721238938053097 , 0.7366459627329193 , 0 , 0 , 0 , 0 , 0 , 0 , 0.9672316384180791 , 
176: 0 , 0 , 0 , 0 , 0 , 0 , 0 , 0 , 0.07407407407407407 , 0.5323910482921084 , 
177: 0 , 0 , 0 , 0 , 0.8794749403341289 , 0 , 0 , 0 , 0 , 0 , 0 , 0 , 0 , 0 , 0 , 0 , 0 , 0 , 0 , 0 , 0.18798955613577023 , 0 , 0.5915267785771383 , 0 , 0 , 0 , 0 , 0 , 0 , 0 , 0 , 0 , 0 , 0 , 0 , 0 , 0 , 0 , 0 , 
178: 0 , 0 , 0 , 0.444633730834753 , 0 , 0.2779827798277983 , 0.052805280528052806 , 0 , 0 , 0.3765586034912718 , 0.43821386815361096 , 0 , 0 , 0.8063610851262862 , 0.4573268921095008 , 
179: 0 , 0 , 0 , 0 , 0 , 0 , 0.41935483870967744 , 0 , 0 , 0.6989795918367347 , 0 , 0 , 0 , 0 , 0 , 0 , 0.07575757575757576 , 0 , 0.4965606190885641 , 0 , 
180: 0 , 0 , 0 , 0 , 0 , 0.5695335900727428 , 0.6378640776699029 , 0.5061728395061729 , 0.4838709677419355 , 
181: 0 , 0.2257495590828924 , 0.7826747720364742 , 0 , 0 , 0 , 0 , 0 , 0 , 0 , 0.4567404426559356 , 0 , 
182: 0 , 0 , 0 , 0 , 0 , 0 , 0 , 0 , 0 , 0 , 0 , 0 , 0 , 0 , 0 , 0 , 0 , 0.23696682464454977 , 0.40069686411149824 , 0.9135212613473483 , 0.3160377358490566 , 0 , 0 , 
183: 0 , 0 , 0 , 0.7584033613445378 , 0 , 0.6478494623655914 , 0 , 0 , 0 , 0 , 0 , 0 , 0.007042253521126761 , 0 , 0.8667917448405253 , 0.6346604215456675 , 0 , 0 , 0 , 0.15355805243445692 , 
184: 0 , 0 , 0 , 0 , 0 , 0 , 0 , 0 , 0 , 0 , 0 , 0 , 0 , 0 , 0 , 0 , 0 , 0 , 0 , 0 , 0 , 0 , 0.8589170392449081 , 0 , 0.4880952380952381 , 0 , 0.8303769401330376 , 0 , 0 , 0 , 
185: 0 , 0 , 0 , 0.5459732280008778 , 0 , 0 , 0 , 0 , 0 , 0 , 0.019417475728155338 , 0 , 0 , 
186: 0 , 0 , 0 , 0 , 0.9175108538350217 , 0.803594351732991 , 0 , 0 , 0.615979381443299 , 0 , 0 , 0 , 0.1963963963963964 , 0.3860759493670886 , 0 , 0 , 0.8256704980842912 , 0.7052631578947368 , 0.5692963752665245 , 
187: 0 , 0.17422434367541767 , 0 , 0 , 0 , 0 , 0 , 0 , 0 , 0 , 0 , 0 , 0 , 0 , 0 , 0 , 0 , 0 , 0.09038901601830664 , 0.30606860158311344 , 0 , 0 , 0 , 0 , 0 , 0 , 0 , 0 , 0.6461769115442278 , 0 , 0.2713310580204778 , 0.6256077795786061 , 0 , 0.8072833599149388 , 
188: 0 , 0 , 0 , 0 , 0 , 0 , 0 , 0 , 0 , 0 , 0 , 0 , 0.30454545454545456 , 0.376 , 0.8667529107373868 , 0.8251192368839427 , 0.9171270718232044 , 0 , 0 , 0 , 
189: 0 , 0.7804878048780488 , 0 , 0.8681125439624854 , 
190: 0 , 0.6407185628742516 , 0.897770945426595 , 0.1196319018404908 , 0 , 0.4284741144414169 , 0 , 0 , 0 , 0 , 0 , 0 , 0 , 0 , 0 , 0 , 0 , 0 , 0 , 0 , 0 , 0 , 0 , 0 , 0 , 0 , 0.53573264781491 , 
191: 0 , 0 , 0 , 0 , 0 , 0 , 0 , 0 , 0 , 0 , 0 , 0 , 0 , 0 , 0 , 0.8737270875763747 , 0.8818112049117421 , 0 , 0.20877659574468085 , 0.0737913486005089 , 0 , 0.765625 , 
192: 0 , 0 , 0 , 0 , 0 , 0 , 0 , 0 , 0 , 0 , 0 , 0 , 0 , 0 , 
193: 0 , 0.11127933383800151 , 0.8458762886597938 , 0.6940520446096654 , 0.5332281255479572 , 
194: 0 , 0 , 0.21052631578947367 , 0 , 0 , 0.2962085308056872 , 0.5 , 0.3448275862068966 , 0 , 0 , 0 , 0 , 0.8601796407185629 , 0 , 0 , 0 , 0.13953488372093023 , 
195: 0 , 0 , 0.49763380657201894 , 0 , 0.4482758620689655 , 0 , 0.7933450087565674 , 0.8836996336996337 , 
196: 0 , 0 , 0 , 0 , 0 , 0 , 0 , 0 , 0 , 0 , 0 , 0 , 0 , 0 , 0 , 0 , 0.21951219512195122 , 0 , 0 , 0.3983402489626556 , 0 , 0.9210275927687916 , 0 , 0 , 0 , 0 , 0 , 0.40444444444444444 , 0 , 
197: 0 , 0 , 0 , 0 , 0 , 0 , 0 , 0 , 0 , 0 , 0 , 0 , 0 , 0.828428927680798 , 0.024793388429752067 , 0.30916030534351147 , 0 , 
198: 0 , 0 , 0.041666666666666664 , 0 , 0.06039488966318235 , 0 , 0.5238439306358381 , 0.8520988622989407 , 0 , 0 , 0 , 0.3550488599348534 , 
199: 0 , 0 , 0 , 0 , 0 , 0 , 0 , 0 , 
200: 0 , 0 , 0 , 0 , 0 , 0 , 0 , 0.34854771784232363 , 0 , 0.5993589743589743 , 0 , 0 , 0 , 0 , 0 , 0 , 0 , 0.7539267015706806 , 0.6984509466437178 , 0 , 
201: 0 , 0 , 0 , 0 , 0 , 0 , 0 , 0 , 0 , 0 , 0.03488372093023256 , 0 , 0 , 0 , 0 , 0.3236363636363636 , 0.26104417670682734 , 0.43859649122807015 , 0.4564796905222437 , 0.2807017543859649 , 0.54 , 0.6624405705229794 , 0 , 
202: 0 , 0 , 0 , 0 , 0 , 0 , 0.601644245142003 , 0.13581707076680466 , 0 , 0.057736720554272515 , 0.9119649805447471 , 0 , 0 , 0 , 0 , 0 , 0 , 0 , 0 , 0.6235294117647059 , 0 , 0 , 0 , 0 , 0 , 0.017057569296375266 , 0 , 0 , 0 , 
203: 0 , 0 , 0 , 0 , 0.16985138004246284 , 0 , 0.01694915254237288 , 0.3956043956043956 , 0 , 0.2603305785123967 , 0 , 0.6058091286307054 , 0.34881825590872045 , 0.13214990138067062 , 0 , 0 , 0.01834862385321101 , 0 , 0 , 0 , 0 , 0.3803475935828877 , 
204: 0 , 0 , 0 , 0 , 0.21229012760241772 , 0.11843393148450244 , 
205: 0 , 0.32338308457711445 , 0.46601941747572817 , 0 , 0 , 0 , 0.4803921568627451 , 0.2922201138519924 , 0 , 0.04722222222222222 , 0 , 0 , 
206: 0 , 0 , 0 , 0 , 0.468 , 0 , 0 , 0 , 0 , 0 , 0 , 0 , 0 , 0 , 0 , 0 , 0.4020797227036395 , 0 , 0.7930434782608695 , 0.09897959183673469 , 0.9868204283360791 , 0 , 0 , 0 , 0 , 0 , 0.8861111111111111 , 0 , 0 , 0 , 
207: 0 , 0 , 0 , 0 , 0 , 0 , 0 , 0.5873493975903614 , 0 , 0 , 0.003475670307845084 , 0.9148049981067777 , 0.025684931506849314 , 0.28232189973614774 , 0.17642698295033357 , 0.34921409743239284 , 0 , 0 , 0 , 0.4103194103194103 , 0.7376185458377239 , 0 , 
208: 0 , 0.9008064516129032 , 0.8671328671328671 , 0.6778846153846154 , 0.834887737478411 , 0.0016146393972012918 , 0 , 0.8163265306122449 , 
209: 0 , 0 , 0 , 0 , 0 , 0 , 0 , 0 , 0 , 0 , 0 , 0.6103286384976526 , 0 , 0 , 1.0 , 0 , 0 , 0 , 0.7216770740410348 , 0 , 
210: 0 , 0 , 0 , 0 , 0 , 0 , 0 , 0 , 0 , 0 , 0 , 0 , 0 , 0 , 0 , 0 , 0 , 0.556910569105691 , 0.6047297297297297 , 0 , 0.9946996466431095 , 0 , 0.5407846457804121 , 
211: 0 , 0 , 0 , 0 , 0 , 0 , 0.004347826086956522 , 0 , 0 , 0 , 0 , 0 , 0 , 0.215625 , 0.5274509803921569 , 0.7692500627037873 , 0 , 0.14263920671243327 , 0 , 0 , 0 , 
212: 0 , 0 , 0 , 0.6620689655172414 , 0.56 , 0 , 0 , 0 , 0 , 0 , 0 , 0 , 0 , 0 , 0 , 
213: 0 , 0 , 0 , 0.39896373056994816 , 0 , 0 , 0 , 0.4840764331210191 , 0 , 0 , 0 , 0 , 
214: 0 , 0.2813186813186813 , 0.3525423728813559 , 0.009722222222222222 , 0.18126888217522658 , 0 , 0 , 0 , 0.2570281124497992 , 0.03037293348712034 , 0 , 0.8525345622119815 , 0.004291845493562232 , 0.9051094890510949 , 0.17897727272727273 , 0 , 
215: 0 , 0 , 0 , 0 , 0 , 0 , 0 , 0 , 0 , 0 , 0 , 0 , 0.3191632280971116 , 0 , 0 , 0 , 0 , 0 , 0.2136150234741784 , 0 , 0 , 
216: 0 , 0 , 0 , 0 , 0 , 0 , 0.0026455026455026454 , 0.7724770642201835 , 0 , 0 , 0 , 0 , 0 , 0 , 0 , 0 , 0 , 0 , 0 , 0 , 0.7063916475681181 , 0.7495495495495496 , 
217: 0 , 0 , 0 , 0 , 0 , 0 , 0 , 0 , 0 , 0 , 0 , 0 , 0 , 0 , 0 , 0 , 0 , 0 , 0 , 0 , 0 , 0 , 0 , 0 , 0.8552389705882353 , 0.9376443418013857 , 0 , 0 , 0 , 0 , 0 , 0 , 0 , 0.02699228791773779 , 0.43373493975903615 , 0.8661157024793389 , 0 , 
218: 0 , 0 , 0 , 0 , 0 , 0 , 0 , 0 , 0.8225152129817445 , 0.34545454545454546 , 0 , 0 , 0 , 0 , 0.540268456375839 , 0 , 0 , 
219: 0 , 0.002770083102493075 , 0.91005291005291 , 0 , 0.022988505747126436 , 0.01855287569573284 , 0.010917030567685589 , 0.6247755834829444 , 
220: 0 , 0.42857142857142855 , 0 , 0 , 0.3697089947089947 , 0 , 0 , 0 , 0 , 0.8041522491349481 , 0.8191805905241474 , 0 , 0.5213675213675214 , 
221: 0 , 0 , 0 , 0.4583333333333333 , 0 , 0 , 0 , 0 , 0 , 0 , 0 , 0 , 0 , 0 , 0 , 0 , 0 , 0 , 0 , 
222: 0 , 0 , 0 , 0 , 0 , 0 , 0 , 0.1511627906976744 , 0.43925925925925924 , 0.7902330743618202 , 0.022222222222222223 , 
223: 0 , 0 , 0 , 0 , 0 , 0 , 
224: 0 , 0 , 0 , 0 , 0 , 0 , 0 , 0 , 0 , 0.4013722126929674 , 0.8610589560645888 , 0.7578231292517007 , 0 , 0 , 0 , 0 , 0 , 0 , 
225: 0 , 0 , 0 , 0 , 0 , 0 , 0 , 0.4647058823529412 , 0.5386321626617375 , 0.059186189889025895 , 0.38127090301003347 , 0.4386536373507057 , 
226: 0 , 0 , 0 , 0.022727272727272728 , 0.21815286624203822 , 0.6368159203980099 , 0 , 0 , 0 , 0 , 0 , 0 , 0 , 0.5163265306122449 , 
227: 0 , 0 , 0 , 0 , 0 , 0 , 0 , 0.08739626556016597 , 
228: 0 , 0.3345724907063197 , 0.8908962097059865 , 0.40136986301369865 , 0.75 , 0 , 0 , 0 , 
229: 0 , 0 , 0 , 0 , 0 , 0 , 0 , 0 , 0 , 0 , 0 , 0 , 0 , 0 , 0.31039136302294196 , 0 , 
230: 0 , 0 , 0.38333333333333336 , 0 , 0 , 0 , 0 , 0 , 0.5690140845070423 , 0.784375 , 0 , 0.8557416267942584 , 0.6990291262135923 , 0 , 0 , 0 , 
231: 0 , 0 , 0 , 0 , 0 , 0 , 0 , 0 , 0 , 0.4826388888888889 , 0 , 0.010037641154328732 , 0.506872136609746 , 0 , 0.014054514480408859 , 0.8141157160443168 , 0.35276967930029157 , 0.5213615838832928 , 0.1536231884057971 , 0.2222222222222222 , 0.7591240875912408 , 0 , 0 , 0 , 0 , 0 , 0 , 0 , 0 , 0 , 0 , 0 , 
232: 0 , 0 , 0 , 0.45248868778280543 , 0 , 0 , 0.35435056746532156 , 0 , 0 , 0 , 
233: 0 , 0.6947723440134908 , 0.15204678362573099 , 0 , 0.7031539888682746 , 0.7833104395604396 , 0.678829604130809 , 0 , 0 , 0 , 0 , 0.10405405405405406 , 0.17777777777777778 , 0.14272256241168157 , 0 , 
234: 0 , 0.33448275862068966 , 0.616580310880829 , 0 , 0.8849557522123894 , 0 , 0 , 0.9386281588447654 , 0.015873015873015872 , 0.3631578947368421 , 0 , 0.4139194139194139 , 0 , 0 , 0.05128205128205128 , 0.003968253968253968 , 0 , 0.2440318302387268 , 0 , 0.542713567839196 , 0.3100917431192661 , 0 , 0.17708333333333334 , 
235: 0 , 0.35152487961476725 , 0.5267857142857143 , 0 , 0 , 0 , 0.30620985010706636 , 0 , 0 , 0.8345794392523365 , 
236: 0 , 0 , 0.3234767025089606 , 0.028877887788778877 , 0.7977124915900426 , 0.23617208077260754 , 0.8954616588419405 , 
237: 0 , 0 , 0 , 0 , 0.6624365482233503 , 0 , 0 , 0 , 0 , 0 , 0 , 0.011834319526627219 , 0 , 0 , 0 , 0 , 0.14558472553699284 , 0.7466960352422908 , 0.9044585987261147 , 0 , 0 , 0.6200331125827815 , 0.82997542997543 , 0 , 0.04054738976178408 , 
238: 0 , 0 , 0.6269592476489029 , 
239: 0 , 0 , 0 , 0 , 0 , 0.09 , 0 , 0 , 0.24012139229530535 , 0 , 0 , 0 , 0.19114219114219114 , 0.6732161323681489 , 0 , 
240: 0 , 0 , 0.9014184397163121 , 0 , 0 , 0 , 0.053763440860215055 , 0.19383259911894274 , 0 , 0 , 0.25217391304347825 , 0.5615914307574599 , 0 , 0 , 0 , 0 , 0 , 0 , 0.5944700460829493 , 0 , 0 , 0 , 0 , 0 , 0.5198019801980198 , 0.3896260554885404 , 
241: 0 , 0 , 0 , 0 , 0 , 0.8493870402802102 , 0.8410206084396468 , 0 , 0 , 0 , 0 , 
242: 0 , 0 , 0.7986501687289089 , 0 , 0 , 0 , 0 , 0.7034883720930233 , 0 , 0 , 0.3125 , 0.8186666666666667 , 0.7682165163081194 , 0.7594982078853046 , 0.9785553047404063 , 0 , 0.7730496453900709 , 0 , 
243: 0 , 0 , 0.02912621359223301 , 0 , 0 , 0 , 0 , 0 , 0 , 0.18835616438356165 , 0.7352092352092352 , 0 , 0 , 0 , 0 , 0.9273570324574961 , 
244: 0 , 0 , 0 , 0 , 0 , 0 , 0 , 0.24008350730688935 , 0.284862043251305 , 0.13549618320610687 , 0.23140495867768596 , 0.85875 , 0.43670886075949367 , 
245: 0 , 0 , 0 , 0 , 0 , 0 , 0 , 0 , 0 , 0 , 0 , 0 , 0 , 0 , 0 , 0.8993998285224349 , 0.4995159728944821 , 0 , 0 , 0 , 0 , 0 , 
246: 0 , 0 , 0 , 0 , 0 , 0 , 0 , 0 , 0 , 0.21518987341772153 , 0 , 0 , 0.8916083916083916 , 0 , 0 , 0 , 0 , 0 , 0.4300219538968167 , 
247: 0 , 0 , 0 , 0 , 0 , 0 , 0 , 0 , 0 , 0 , 0.43333333333333335 , 0 , 0 , 0 , 0 , 0 , 0.013888888888888888 , 0 , 0 , 0 , 0 , 0 , 0 , 0 , 0 , 0 , 0 , 0 , 0 , 0 , 0 , 0 , 0 , 0 , 0.10941475826972011 , 0 , 0.47232472324723246 , 0 , 
248: 0 , 0 , 0.34459459459459457 , 0 , 0 , 0 , 0 , 0.18404907975460122 , 0.7445255474452555 , 0.879231473010064 , 0.8226716839134525 , 0 , 0 , 0 , 0 , 0 , 0.8115449915110357 , 0 , 0.8350217076700435 , 0.16517857142857142 , 0.7029077117572693 , 0.9552053090004148 , 0 , 
249: 0 , 0.8812749003984064 , 0 , 0 , 0 , 0 , 0 , 0 , 0.16574585635359115 , 
250: 0 , 0 , 0 , 0 , 0 , 0 , 0.38839285714285715 , 0.2627118644067797 , 0 , 0.7178683385579937 , 0 , 0 , 0 , 0 , 0.9548133595284872 , 0.8217821782178217 , 0 , 0 , 0 , 0 , 0.9041322314049587 , 0 , 0.7601476014760148 , 0 , 0 , 0 , 0 , 0 , 0 , 0 , 0 , 0 , 0.42063492063492064 , 
251: 0 , 0 , 0 , 0 , 0 , 0 , 0 , 0 , 0 , 0 , 0.7391696750902527 , 0 , 0.26878561253561256 , 0 , 
252: 0 , 0 , 0 , 0 , 0 , 0 , 0 , 0 , 0 , 0.29923809523809525 , 0.7422758100979653 , 0.5580357142857143 , 0.5775259223535085 , 0 , 0 , 0.3251121076233184 , 0.8037825059101655 , 0 , 0 , 0 , 
253: 0 , 0 , 0 , 0 , 0.1059016692511174 , 0.6744868035190615 , 
254: 0 , 0 , 0.7365591397849462 , 0 , 0 , 0.6480446927374302 , 0 , 0 , 0 , 0 , 0 , 0 , 0 , 0 , 0 , 0 , 0.8258744855967078 , 0 , 0 , 0 , 0 , 0 , 0 , 0 , 0 , 0 , 0 , 0 , 0 , 0 , 0 , 0 , 0 , 0.5613463626492943 , 
255: 0 , 0 , 0 , 0 , 0 , 0 , 0.6580392156862745 , 0 , 0.2327173169062286 , 0 , 0 , 0.38200339558573854 , 0 , 0 , 0.45962732919254656 , 
256: 0 , 0 , 0 , 0 , 0 , 0 , 0 , 0 , 0 , 0 , 0 , 0 , 0 , 0 , 0 , 0 , 0 , 0 , 0 , 0 , 0.5139732685297691 , 0.6782246879334258 , 0 , 
257: 0 , 0 , 0 , 0 , 0 , 0 , 0.1644100580270793 , 0 , 0 , 
258: 0 , 0 , 0 , 0 , 0.2885714285714286 , 0 , 0 , 0.4653846153846154 , 0 , 0 , 0 , 0 , 0 , 0 , 0 , 0 , 0 , 0 , 0 , 0 , 0 , 0 , 0 , 0.5550387596899224 , 0 , 0 , 0.9050051072522982 , 
259: 0 , 0 , 0.788546255506608 , 0 , 0 , 0 , 0.14545454545454545 , 0 , 0 , 0.49206349206349204 , 0.810588772250114 , 0 , 0 , 0.45155341183146547 , 
260: 0 , 0 , 0 , 0 , 0 , 0 , 0 , 0.771828665568369 , 0 , 
261: 0 , 0 , 0.33553719008264465 , 0.793171114599686 , 
262: 0 , 0 , 0 , 0.3905325443786982 , 0 , 0 , 0.3626609442060086 , 0.6671781756180734 , 
263: 0 , 0 , 0 , 0 , 0.38202247191011235 , 0.8368421052631579 , 0 , 0.8613138686131386 , 0 , 0 , 0 , 0 , 0.8787878787878788 , 0 , 0 , 0 , 0.966542750929368 , 0 , 0.7522123893805309 , 0 , 0 , 0 , 0 , 
264: 0 , 0.42487046632124353 , 0 , 0 , 0 , 0 , 0 , 0 , 0 , 0 , 0 , 0 , 0.413135593220339 , 0.44519621109607577 , 0.3810810810810811 , 0.4601820250284414 , 0.5145278450363197 , 
265: 0 , 0 , 0 , 0 , 0 , 0 , 0 , 0.09974640743871513 , 0 , 0 , 0.2650273224043716 , 0.5145118733509235 , 0.6233340168136149 , 
266: 0 , 0 , 0 , 0 , 0 , 0 , 0 , 0 , 0 , 0 , 0 , 0 , 0 , 0 , 0 , 0 , 0 , 0.8552036199095022 , 0 , 0 , 0.8363741673906748 , 0 , 
267: 0 , 0.48502994011976047 , 0 , 0 , 0 , 0 , 0 , 0 , 0.5784313725490197 , 0 , 0 , 0.23270440251572327 , 0 , 0 , 0 , 0.3495575221238938 , 0 , 0.7448559670781894 , 0 , 0 , 0.046632124352331605 , 0.5555555555555556 , 0 , 0.5619967793880838 , 
268: 0 , 0 , 0 , 0.09945945945945946 , 0 , 0 , 0 , 0 , 0.49281767955801103 , 0.5443371378402108 , 0 , 0 , 0 , 0 , 0 , 0 , 0 , 0 , 0 , 0 , 0.6894227951948433 , 0.7714285714285715 , 0 , 
269: 0 , 0 , 0.7928601079286011 , 
270: 0 , 0 , 0 , 0 , 0 , 0 , 0 , 0 , 0 , 0 , 0 , 0 , 0 , 0 , 0 , 0 , 0 , 0 , 0 , 0 , 0 , 0 , 0 , 0 , 0.5584415584415584 , 0 , 0 , 0 , 0 , 0.8082767539605561 , 0 , 0 , 0 , 0 , 0 , 0 , 0.7428127428127428 , 0 , 0.5434322033898306 , 0 , 
271: 0 , 0 , 0.2993377483443709 , 0.42134831460674155 , 0 , 0.688125 , 0.718013468013468 , 0 , 0 , 0 , 0.8954143201930812 , 0.311336717428088 , 
272: 0 , 0 , 0 , 0 , 0 , 0 , 0.010869565217391304 , 0 , 0 , 0 , 0 , 0 , 0 , 0 , 0 , 
273: 0 , 0 , 0 , 0 , 0 , 0 , 0 , 0 , 0 , 0.30708661417322836 , 0 , 0 , 0 , 0 , 0 , 0 , 0 , 0 , 0 , 0 , 0 , 0 , 0.6971560338201384 , 0 , 0 , 0 , 0 , 0 , 0 , 0 , 
274: 0 , 0 , 0 , 0 , 0 , 0 , 0 , 0 , 0 , 0 , 0.013986013986013986 , 0.07346286931062018 , 
275: 0 , 0 , 0 , 0.7618384401114207 , 0.4079592949300382 , 0 , 0 , 
276: 0 , 0 , 0 , 0 , 0.22162162162162163 , 0 , 
277: 0 , 0 , 0 , 0 , 0.0015337423312883436 , 0.1238390092879257 , 0.7112334088701845 , 0.554978354978355 , 0.071285140562249 , 0.2982222222222222 , 0.5852272727272727 , 0.1809640522875817 , 0 , 0.42702702702702705 , 0 , 0.4479638009049774 , 0.6 , 0 , 0 , 
278: 0 , 0 , 0.4396135265700483 , 0 , 0 , 0 , 0 , 0 , 0 , 0 , 0 , 0.15191545574636725 , 0 , 0.8062248995983936 , 0.8260869565217391 , 0 , 0 , 0 , 0 , 0 , 0 , 0 , 0 , 0 , 0.01256281407035176 , 0.7572727272727273 , 0.6633380884450785 , 0.6566265060240963 , 0 , 
279: 0 , 0.6779220779220779 , 0 , 0.3673469387755102 , 0 , 0 , 0 , 0 , 0 , 0 , 0 , 0 , 0 , 0 , 0 , 0 , 0 , 0.012232415902140673 , 0.4511545293072824 , 0 , 
280: 0 , 0 , 0 , 0 , 0 , 0 , 0 , 0 , 0 , 0 , 0 , 0 , 0.7232472324723247 , 0 , 0.17126269956458637 , 0 , 0.19910011248593926 , 
281: 0 , 0 , 0 , 0 , 0 , 0 , 0 , 0 , 0 , 0 , 0 , 0 , 0 , 0 , 0 , 0 , 0 , 0 , 
282: 0 , 0.7231884057971014 , 0.09237536656891496 , 0 , 0 , 0.4068901303538175 , 0 , 0 , 0 , 0 , 0.4094616639477977 , 0 , 0 , 0.7857404021937843 , 0.4954128440366973 , 
283: 0 , 0 , 0 , 0.5363391655450875 , 0.45893719806763283 , 0 , 0.008264462809917356 , 0.5607321131447587 , 0.9245067200457535 , 0.11731135066582118 , 0 , 0 , 0.7296690970274817 , 0.44528301886792454 , 0 , 
284: 0 , 0 , 0 , 0 , 0.3283582089552239 , 0 , 0 , 0.13064295485636115 , 0 , 0.5714285714285714 , 
285: 0 , 0 , 0 , 0 , 0 , 0 , 0 , 0.6644165863066538 , 0 , 0 , 0 , 0 , 0 , 0 , 0 , 
286: 0 , 0 , 0 , 0.6837606837606838 , 0.40384615384615385 , 0 , 0 , 0 , 0 , 0 , 0.8516992790937178 , 0.8844221105527639 , 0 , 0 , 0 , 0 , 0 , 0 , 0.19223985890652556 , 0.7553035844915874 , 0.6639344262295082 , 
287: 0 , 0 , 0 , 0.5154929577464789 , 0 , 0 , 0 , 0 , 0.9366391184573003 , 0 , 0 , 0 , 0 , 0 , 0 , 0 , 0 , 0 , 0 , 0 , 0 , 0 , 0.2815126050420168 , 
288: 0 , 0 , 0 , 0.7685185185185185 , 0 , 0 , 
289: 0 , 0 , 0 , 0 , 0 , 0.09523809523809523 , 0 , 0 , 0 , 0 , 0 , 0 , 0 , 0 , 0 , 0 , 0 , 0 , 0 , 0 , 0.16420118343195267 , 0.20577617328519857 , 0.3769633507853403 , 0.42949756888168555 , 0.8357567746199603 , 0 , 
290: 0 , 0 , 0 , 0 , 0 , 0 , 0 , 0 , 0 , 0 , 0 , 0.35493519441674976 , 0 , 0.7416750756811302 , 0.9143708116157856 , 0 , 0.07163415414134953 , 0 , 
291: 0 , 0 , 0 , 0 , 0 , 0 , 0 , 0.8838544990427568 , 0 , 0 , 0 , 0 , 0 , 0 , 0 , 0 , 
292: 0 , 0 , 0 , 0 , 0 , 0 , 0 , 0 , 0 , 0 , 0 , 0 , 0 , 0 , 0 , 0 , 0 , 0 , 0 , 0 , 0 , 0 , 0 , 
293: 0 , 0 , 0 , 0 , 0 , 0 , 0.5579053373615307 , 0 , 0.1111111111111111 , 0.7116052814454482 , 0 , 0 , 0 , 0.1974167033612212 , 0.4793340987370838 , 0.7994350282485876 , 
294: 0 , 0 , 0 , 0 , 0 , 0 , 0 , 0 , 0 , 0.9338394793926247 , 0.0018450184501845018 , 0.0023923444976076554 , 0.13978494623655913 , 0 , 0.03961748633879782 , 0.22739018087855298 , 0 , 0.14207650273224043 , 0 , 0.8227490826982783 , 0 , 0 , 0 , 0 , 
295: 0 , 0.742603550295858 , 0 , 0.8742985409652076 , 0.036458333333333336 , 0.7549857549857549 , 0 , 0 , 0 , 0 , 0 , 0 , 0 , 
296: 0 , 0 , 0 , 0.8589743589743589 , 0.009708737864077669 , 0.8605056669572798 , 0.08223684210526316 , 0 , 0 , 0.9247027741083224 , 0.5692307692307692 , 0 , 0.6124284546197875 , 
297: 0 , 0 , 0 , 0 , 0 , 0 , 0 , 0 , 0 , 0 , 0 , 0 , 0 , 0 , 0 , 
298: 0 , 0 , 0 , 0 , 0 , 0 , 0 , 0 , 0.04132231404958678 , 0.49948293691830403 , 0 , 0.5495495495495496 , 
299: 0 , 0.40683229813664595 , 0 , 0 , 0 , 0 , 0 , 0 , 0 , 0 , 0 , 0 , 0 , 0 , 0 , 0 , 0 , 0.28321678321678323 , 
300: 0 , 0.9208037825059102 , 0 , 0 , 
301: 0 , 0 , 0.19835223245924877 , 
302: 0 , 0 , 0 , 0 , 0 , 
303: 0 , 0 , 0 , 0 , 0 , 0 , 0 , 0 , 0 , 0 , 0 , 0 , 0 , 0 , 0 , 0 , 0.14638783269961977 , 0 , 0.8735936465916612 , 0 , 0 , 0.03910493156636976 , 
304: 0 , 0 , 0 , 0 , 0 , 0 , 
305: 0 , 0 , 0 , 0 , 0 , 0 , 0 , 0 , 0 , 0 , 0 , 0 , 0.22085889570552147 , 0 , 0 , 0 , 0 , 0 , 0 , 0 , 
306: 0 , 0 , 0.3641025641025641 , 
307: 0 , 0 , 0 , 0 , 0 , 0 , 0 , 0 , 0 , 0 , 0 , 0 , 0 , 0 , 0.6274678111587982 , 0 , 0 , 0 , 0 , 0 , 0 , 0 , 0.23909632883589582 , 0.5679251371410132 , 0 , 0 , 0 , 0.5164473684210527 , 0 , 
308: 0 , 0.19121813031161472 , 0 , 0 , 0.2479672065049392 , 
309: 0 , 0 , 0 , 0 , 0 , 0 , 0 , 0.6470658254969647 , 
310: 0 , 0 , 0 , 0 , 0.0036900369003690036 , 0 , 0 , 0 , 0.616699801192843 , 0.6172839506172839 , 0.7986322188449848 , 0 , 0 , 0.29238329238329236 , 0 , 0.05553470919324578 , 0.525 , 0.019305019305019305 , 0 , 0.49835706462212487 , 
311: 0 , 0 , 0 , 0 , 0 , 0 , 0 , 0 , 0.5060422960725075 , 0 , 0 , 0 , 0.721627408993576 , 0.3654434250764526 , 0 , 0.8498372849837285 , 0 , 0 , 0 , 0 , 0.44886363636363635 , 0.8299595141700404 , 
312: 0 , 0 , 0 , 0 , 0 , 0 , 0 , 0 , 0.7975460122699386 , 0.43297746144721233 , 0 , 0 , 0 , 0 , 0 , 0.22821576763485477 , 
313: 0 , 0 , 0 , 0 , 0.43478260869565216 , 0 , 0 , 0.9410430839002267 , 0 , 0 , 0 , 0 , 0 , 0 , 0 , 0 , 0 , 0 , 0.01077996195307546 , 0 , 0 , 0 , 0 , 
314: 0 , 0 , 0 , 0 , 0 , 0 , 0 , 0 , 0 , 0.0015511892450879006 , 0.8861788617886179 , 0 , 0 , 0 , 0 , 0 , 0 , 0 , 0 , 0 , 0.6175438596491228 , 0 , 0 , 0.7446360959192259 , 0 , 0 , 0.6311475409836066 , 
315: 0 , 0 , 0 , 0 , 0 , 0 , 0 , 0 , 0 , 0.7833197056418643 , 0 , 0.32236568096626406 , 
316: 0 , 0 , 0 , 0 , 0 , 0 , 0 , 0 , 0 , 0.0021321961620469083 , 0.9187116564417178 , 0 , 0.0029154518950437317 , 0 , 0 , 0 , 0 , 0 , 0.8698830409356725 , 0.6890369665238775 , 0 , 0 , 0 , 0 , 0.6977363515312917 , 
317: 0 , 0 , 0 , 0 , 0 , 0 , 0 , 0 , 0 , 0 , 0.364741641337386 , 0 , 0.523931623931624 , 0.5291110479977279 , 
318: 0 , 0 , 0 , 0.9136904761904762 , 0 , 0 , 0 , 0.5911949685534591 , 0.6320845341018252 , 0.7396057644525427 , 0 , 0 , 
319: 0 , 0 , 0 , 0 , 0 , 0 , 0.35121951219512193 , 0 , 0.9487785657998424 , 0 , 0 , 
320: 0 , 0 , 0 , 0.3576222435282838 , 0 , 0 , 0 , 0 , 0 , 0.8399024786672085 , 0 , 0 , 
321: 0 , 0.6703841387856257 , 0.5495169082125604 , 0 , 0 , 0 , 0 , 0 , 0 , 0 , 0 , 0 , 0.8474962063732928 , 0 , 
322: 0 , 0 , 0 , 0.9426305970149254 , 0 , 0 , 
323: 0 , 0 , 0 , 0 , 0 , 0 , 0 , 0 , 0 , 0 , 0 , 0 , 0 , 0 , 0 , 0 , 0 , 0 , 0 , 0 , 0 , 0 , 0 , 0 , 0 , 0.0022222222222222222 , 0.3922902494331066 , 0.21370143149284254 , 0 , 0 , 0 , 0 , 0 , 
324: 0 , 0 , 0 , 0 , 0 , 0 , 0 , 0 , 0 , 0 , 0 , 0 , 0 , 0 , 0 , 0 , 0 , 0 , 0 , 0 , 0.29901960784313725 , 0 , 0.5806451612903226 , 0 , 0 , 0 , 0 , 0.9153846153846154 , 0 , 0.5624185561636695 , 0 , 0 , 0 , 
325: 0 , 
326: 0 , 0 , 0 , 0 , 0 , 0 , 0 , 0 , 0 , 0 , 0 , 0 , 0.7983870967741935 , 0.6614173228346457 , 0 , 0 , 0.832807570977918 , 0 , 0 , 0.15151515151515152 , 0.8778359511343804 , 0 , 0 , 0.04606440071556351 , 0 , 0 , 0.24092409240924093 , 0 , 0 , 
327: 0 , 0.08784773060029283 , 0.47153284671532847 , 0.017543859649122806 , 0.2840694601736504 , 
328: 0 , 0.7237827715355806 , 0 , 0.42512908777969016 , 0.7485148514851485 , 0 , 0 , 
329: 0 , 0 , 0 , 0 , 0 , 0 , 0 , 0 , 0 , 0 , 0 , 0 , 0.4292237442922374 , 0 , 0.9382269320237787 , 0 , 0 , 
330: 0 , 0 , 0 , 0 , 0 , 0 , 0 , 0 , 0 , 0 , 0 , 0 , 0 , 0 , 0 , 0 , 0 , 0 , 0 , 0.9308176100628931 , 0 , 0 , 0 , 0 , 0 , 0 , 0 , 0 , 0.125 , 0 , 0.6773049645390071 , 0 , 0 , 0 , 0 , 0 , 0 , 0 , 0 , 0 , 0 , 0.7110834371108343 , 
331: 0 , 0 , 0 , 0 , 0 , 0 , 0 , 0 , 0 , 0.018823529411764704 , 0.7635135135135135 , 0 , 0 , 0 , 0 , 0 , 0 , 0 , 0 , 0 , 0 , 0 , 0.47128712871287126 , 0.19597989949748743 , 0 , 0 , 0 , 0 , 0 , 0 , 0 , 0 , 0 , 0.877431906614786 , 0 , 
332: 0 , 0 , 0 , 0 , 0 , 0 , 0 , 0.06969026548672566 , 0.7407154249259512 , 0.0034914766892585746 , 0.33344646190395383 , 0.6742837653478854 , 0.4642857142857143 , 0 , 0 , 0 , 0 , 0 , 0.0035460992907801418 , 0 , 0.5975609756097561 , 0 , 0 , 
333: 0 , 0.25301204819277107 , 0 , 0.9064748201438849 , 0 , 0 , 0 , 0.8739130434782608 , 0 , 0 , 0 , 0.214123006833713 , 0 , 0.022388059701492536 , 
334: 0 , 0 , 0 , 0 , 0 , 0 , 0 , 0 , 0 , 0 , 0.33830171635049683 , 
335: 0 , 0 , 0.556203164029975 , 0 , 0 , 0 , 0 , 0 , 0 , 0 , 0 , 0 , 0 , 0 , 0 , 0 , 0 , 0.9195402298850575 , 0.9422222222222222 , 0.7974549310710498 , 0.004557885141294439 , 0.9704387990762124 , 0 , 0 , 0 , 0.5626168224299065 , 
336: 0 , 0 , 0.7268765133171913 , 0.41007194244604317 , 0.0021231422505307855 , 0.3966777408637874 , 0 , 0 , 0 , 0.8315874294923449 , 0.40642201834862385 , 0 , 0.4169278996865204 , 
337: 0 , 0 , 0 , 0 , 0 , 0 , 0 , 0 , 0 , 0 , 0.25069637883008355 , 0.6942446043165468 , 0 , 0 , 0 , 0 , 0 , 0.6389099167297502 , 0.3694891532540238 , 0.5172413793103449 , 
338: 0 , 0 , 0 , 0 , 0 , 0 , 0.4869942196531792 , 0.8179347826086957 , 0 , 0 , 0 , 0 , 0 , 0 , 0 , 0.22739018087855298 , 0.5323545405111474 , 0.44139650872817954 , 
339: 0 , 0 , 0 , 0 , 0 , 0 , 0 , 0 , 0 , 0 , 0 , 0 , 0 , 0 , 0 , 0 , 0 , 0 , 0 , 0 , 0 , 0 , 0 , 0 , 0 , 0 , 0 , 0 , 0 , 0 , 0 , 0 , 0 , 0 , 0 , 0.2630208333333333 , 0.15759312320916904 , 0.8290441176470589 , 0.9488692232055064 , 0 , 0 , 0 , 0 , 0 , 0 , 0 , 0 , 
340: 0 , 0 , 0 , 0 , 0 , 0 , 0 , 0 , 0 , 0 , 0.7861975642760487 , 0.6342259960809928 , 0 , 0.14774510829758292 , 
341: 0 , 0 , 0.8170563961485557 , 0 , 0 , 0 , 0 , 0 , 0 , 0 , 0 , 0.6483471074380165 , 0 , 0 , 0 , 0.7265479670475684 , 0 , 0 , 0 , 0 , 0 , 0 , 0 , 0.6551724137931034 , 
342: 0 , 0 , 0 , 0 , 0 , 0 , 0 , 0 , 0 , 0 , 0 , 0.8377960865087538 , 0.8135593220338984 , 
343: 0 , 0 , 0 , 0 , 0 , 0 , 0 , 0.4624624624624625 , 0.8049006010171059 , 0.006048387096774193 , 0.19238476953907815 , 
344: 0 , 0 , 0 , 0 , 0 , 0 , 0 , 0 , 0 , 0 , 0 , 0 , 0 , 0 , 0 , 0.5966257668711656 , 0.5 , 
345: 0 , 0 , 0 , 0 , 0 , 0.829225352112676 , 0 , 0 , 0 , 0 , 0 , 0 , 0.7609603340292276 , 0.8289205702647657 , 0 , 
346: 0 , 0 , 0 , 0 , 0 , 0 , 0 , 0 , 0 , 0 , 0.825542570951586 , 0 , 0 , 0 , 0 , 0 , 0 , 0 , 0 , 0 , 0.6805411030176899 , 0 , 0.9082417582417582 , 0 , 
347: 0 , 0 , 0 , 0 , 0 , 0 , 0.4 , 0.6872985170857512 , 0.7919276270006959 , 0.5966487133453022 , 0 , 
348: 0 , 0 , 0.006289308176100629 , 0.9380053908355795 , 0.46115288220551376 , 
349: 0 , 0 , 0 , 0 , 0 , 0 , 0 , 0.30526315789473685 , 0 , 0.18388791593695272 , 0 , 0 , 0 , 0 , 0 , 0 , 0 , 0.13217866909753875 , 0.6144649446494465 , 0.739573504434799 , 0 , 0 , 0.7984496124031008 , 
350: 0 , 0 , 0 , 0 , 0 , 0.35196687370600416 , 0 , 0 , 0 , 0 , 0 , 0 , 0 , 0 , 0 , 0.125 , 0 , 0.556663644605621 , 0 , 0 , 0 , 0 , 0 , 0.3483483483483483 , 0.1376659678546471 , 0 , 0.946949602122016 , 0.6338983050847458 , 
351: 0 , 0 , 0 , 0 , 0 , 0 , 0 , 0 , 0 , 0 , 0 , 0.4421768707482993 , 0 , 0 , 0 , 0.6654411764705882 , 0 , 
352: 0 , 0.6743560169165705 , 0.08994197292069632 , 0.24218230206254157 , 0.06280788177339902 , 0.016815034619188922 , 0.11673151750972763 , 0.8476022359517505 , 0.06079545454545455 , 0.8290993071593533 , 0.913946587537092 , 
353: 0 , 0 , 0 , 0.24014336917562723 , 0 , 0 , 0 , 0.4757834757834758 , 0 , 0 , 0 , 0 , 0 , 0 , 0 , 0 , 0.8941176470588236 , 
354: 0 , 0 , 0 , 0 , 0 , 0 , 0 , 0 , 0 , 0 , 0 , 0 , 0 , 0 , 0 , 0 , 0 , 0 , 0 , 0.2826855123674912 , 0 , 0 , 0 , 0 , 0.7144678138942001 , 0 , 0 , 0 , 0 , 
355: 0 , 0 , 0.6628029504741834 , 0.9224776003116478 , 0.0004923682914820286 , 0.04794520547945205 , 0 , 0.8859959084991631 , 0 , 0 , 0 , 
356: 0 , 0 , 0 , 0 , 0 , 0 , 0 , 0 , 0 , 0 , 0.8867313915857605 , 0 , 0.9437109103544128 , 0 , 0 , 0 , 0 , 0 , 0 , 0 , 0 , 0 , 0 , 0.6440217391304348 , 
357: 0 , 0 , 0 , 0 , 0 , 0 , 0 , 0 , 0 , 0 , 0 , 0 , 0 , 0 , 
358: 0 , 0.3558467741935484 , 0.07248908296943231 , 0.6475447452960074 , 0.4260504201680672 , 0 , 0 , 0.6867857142857143 , 0 , 
359: 0 , 0 , 0.521978021978022 , 0 , 0.7408312958435208 , 0 , 0 , 0 , 0 , 0 , 0 , 0.6361718955971527 , 0 , 0 , 0 , 0.32124352331606215 , 0 , 0 , 0 , 
360: 0 , 0 , 0 , 0 , 0 , 0 , 0 , 0 , 0 , 0 , 0 , 0 , 0 , 0 , 0 , 0 , 0 , 0 , 0 , 0.9001393404551788 , 0 , 0 , 0.9127753303964757 , 0.6430107526881721 , 0 , 
361: 0 , 0 , 0.025686448184233834 , 0.4921323928377645 , 0 , 0 , 0 , 0 , 0 , 0 , 0 , 0 , 0.0859375 , 0 , 0 , 0.7458363504706734 , 0.6957831325301205 , 0 , 0 , 0 , 
362: 0 , 0 , 0 , 0 , 0 , 0 , 0 , 0 , 0 , 0 , 0 , 0 , 0 , 0 , 0 , 
363: 0 , 0 , 0 , 0 , 0 , 0 , 0 , 0 , 0 , 0 , 0 , 0 , 0 , 0 , 0.15073529411764705 , 0 , 0 , 0 , 0.6953405017921147 , 
364: 0 , 0 , 0 , 0 , 0 , 0 , 0 , 0.75 , 0 , 0 , 0 , 0 , 0 , 0.5873347251217815 , 0 , 0 , 0 , 0 , 0.24041811846689895 , 0 , 0.24489795918367346 , 
365: 0 , 0.005714285714285714 , 0.020134228187919462 , 0 , 0.81859410430839 , 0.009433962264150943 , 0.8683385579937304 , 0.39361702127659576 , 0.0021929824561403508 , 0.05084745762711865 , 0 , 0 , 0 , 0 , 0.2512135922330097 , 0.9160162347798938 , 0.6264880952380952 , 0 , 0.6193467336683417 , 
366: 0 , 0 , 0 , 0 , 0 , 0 , 0.5986557849255881 , 0 , 0.36666666666666664 , 0 , 0.6221198156682027 , 0.2688882505027291 , 0 , 
367: 0 , 0 , 0 , 0 , 0.9416403785488959 , 0 , 0.3977035490605428 , 0 , 0 , 0.3225806451612903 , 0 , 0 , 0 , 0 , 0 , 0 , 0 , 0 , 0.37420986093552466 , 0 , 0 , 0 , 0 , 0.5250176180408739 , 
368: 0 , 0 , 0 , 0 , 0 , 0.07711864406779662 , 0.7541088580576307 , 0.6991279069767442 , 0 , 0 , 0 , 0 , 0.5797872340425532 , 0.9001786511835641 , 0.09375 , 
369: 0 , 0 , 0 , 0 , 0 , 0 , 0 , 0 , 0 , 0 , 0.029411764705882353 , 0.19352836879432625 , 0 , 0 , 0.23931623931623933 , 0 , 0.7475149105367793 , 
370: 0 , 0 , 0 , 0 , 0 , 0 , 0 , 0.6661073825503355 , 0 , 0.7748729121278141 , 0.7662721893491125 , 0 , 0 , 0.7218390804597701 , 0 , 0 , 0 , 0.6091269841269841 , 0 , 0 , 
371: 0 , 0.6530944625407166 , 0.8873668188736682 , 0 , 0.8618516723218613 , 0 , 0.03125 , 0 , 0 , 0.3569023569023569 , 0.4177545691906005 , 0 , 
372: 0 , 0 , 0 , 0 , 0 , 0.7712933753943217 , 0.43733681462140994 , 
373: 0 , 0 , 0.8927097661623109 , 0.7557785888077859 , 0.006880733944954129 , 0 , 0.2638888888888889 , 
374: 0 , 0 , 0 , 0 , 0 , 0 , 0 , 0 , 0 , 0.43258426966292135 , 0.30601092896174864 , 0 , 0 , 0 , 0 , 0 , 0 , 0 , 0 , 0 , 0 , 0 , 0 , 0 , 0 , 0 , 0 , 
375: 0 , 0 , 0 , 0.8378378378378378 , 0 , 0 , 0 , 0 , 0 , 0 , 
376: 0 , 0 , 0.5211970074812967 , 0 , 0 , 0 , 0 , 0 , 0.5874035989717223 , 0 , 0.8055555555555556 , 0 , 0 , 0 , 0 , 0 , 0.6669741697416974 , 0 , 0.8561669829222012 , 0 , 0.8813559322033898 , 
377: 0 , 0.8048780487804879 , 0 , 0 , 0 , 0.8439531859557867 , 0.04173354735152488 , 0.8036480686695279 , 0 , 0.12593632958801498 , 0 , 0 , 0.7628742514970059 , 0.9231613611416026 , 0 , 0 , 0 , 0 , 0 , 0 , 0 , 0.7494973864093285 , 
378: 0 , 0 , 0 , 0 , 0 , 0 , 0 , 0 , 0 , 0 , 0.5328467153284672 , 0 , 0 , 0.4648648648648649 , 0.7707317073170732 , 0.944206008583691 , 0 , 0 , 0 , 0 , 0 , 0 , 0.7652645861601085 , 0.7429210134128167 , 0.8673196794300979 , 0 , 0 , 0 , 0 , 
379: 0 , 0 , 0 , 0 , 0 , 0 , 0 , 0 , 0 , 0.25084745762711863 , 0 , 0 , 0.9134199134199135 , 0.08274894810659186 , 0.3980815347721823 , 0.5882352941176471 , 0.0035714285714285713 , 0.9531051964512041 , 
380: 0 , 0 , 0 , 0 , 0 , 0.43270300333704115 , 0.6024464831804281 , 0 , 0.43859649122807015 , 0.4941050375133976 , 0.006493506493506494 , 0.8157711095603629 , 0.7994891443167306 , 0.6226415094339622 , 0 , 
381: 0 , 0.5737704918032787 , 0.5663189269746647 , 0.5989676208352886 , 0.028107709332349688 , 
382: 0 , 0 , 0.22900763358778625 , 0.13846153846153847 , 0 , 0 , 0 , 0 , 0 , 
383: 0 , 0 , 0 , 0 , 0 , 0 , 0.047619047619047616 , 0 , 0 , 0 , 0 , 0 , 0 , 0.7080581241743725 , 0 , 0 , 0 , 0 , 0.19646365422396855 , 0.7426400759734093 , 0.6835860250494397 , 0 , 0.06865401987353206 , 0 , 0.41817809201762474 , 0 , 
384: 0 , 0 , 0 , 0 , 0.625 , 0 , 0 , 0 , 0 , 0 , 0 , 0 , 0 , 0 , 
385: 0 , 0 , 0 , 0 , 0 , 0 , 0.8872745490981964 , 0 , 0.655860349127182 , 0 , 
386: 0 , 0 , 0 , 0 , 0 , 0 , 0 , 0 , 0.26258992805755393 , 0.6486220472440944 , 0 , 0 , 
387: 0 , 0 , 0 , 0.6486486486486487 , 0.7038777908343126 , 0 , 0.19032597266035753 , 0 , 0 , 0.36304700162074555 , 0 , 0 , 0 , 0.17307692307692307 , 0 , 0 , 0.5228758169934641 , 0.3912133891213389 , 0.6740947075208914 , 0.5466377440347071 , 
388: 0 , 0 , 0 , 0 , 0 , 0 , 0 , 0 , 
389: 0 , 0 , 0 , 0.21739130434782608 , 0.10594594594594595 , 0.7792553191489362 , 0.7178770949720671 , 0 , 0.40816326530612246 , 
390: 0 , 0 , 0 , 0 , 0 , 0 , 0 , 0.9443603330809992 , 0.16939890710382513 , 0 , 0 , 0 , 0.7893864013266998 , 0 , 0.5704225352112676 , 
391: 0 , 0 , 0 , 0 , 0 , 0 , 0 , 0 , 0 , 0.23319615912208505 , 0.41614349775784754 , 0 , 0.16487189008540662 , 0.670266836086404 , 0 , 0 , 0 , 0 , 0 , 0 , 0 , 0 , 0.29720853858784896 , 0.1915506481036966 , 0.33429228998849253 , 
392: 0 , 0 , 0 , 0 , 0 , 0 , 0 , 0 , 0.4931506849315068 , 0.7737169517884914 , 0 , 
393: 0 , 0 , 0 , 0 , 0 , 0 , 0 , 0 , 0 , 0.42 , 0.5275310834813499 , 0 , 0.8424283765347885 , 0.4028268551236749 , 0.8168870803662258 , 
394: 0 , 0 , 0 , 0.6966598500340832 , 0 , 0.23014586709886548 , 0.6560975609756098 , 0.043356643356643354 , 0 , 0.7514573396926338 , 0.02241793434747798 , 0 , 0.8180677540777918 , 0 , 0 , 0 , 0.24719101123595505 , 
395: 0 , 0 , 0.4724576271186441 , 0.5086026017624843 , 
396: 0 , 0 , 0 , 0 , 0.004866180048661801 , 0 , 0 , 0 , 0 , 0 , 0 , 0 , 0 , 0 , 0 , 0 , 0 , 0 , 0.10285714285714286 , 0.7815126050420168 , 0.9097335508428493 , 0 , 0 , 0 , 0 , 0 , 0 , 0 , 0 , 0 , 0.38349514563106796 , 0.5410628019323671 , 0.777511961722488 , 0.5031847133757962 , 0 , 0 , 0 , 0 , 
397: 0 , 0 , 0 , 0 , 0 , 0.47410358565737054 , 0 , 0 , 0 , 0 , 0 , 0 , 0 , 0 , 0 , 0 , 0 , 0.27254681971174594 , 
398: 0 , 0.19090909090909092 , 0.3728813559322034 , 0 , 0 , 0 , 0 , 0 , 0 , 0 , 0 , 0.6043956043956044 , 0 , 0.9530791788856305 , 0 , 0 , 0 , 0 , 0.8362989323843416 , 0 , 0 , 0 , 0 , 0.2702205882352941 , 0 , 0 , 0 , 0.5806327160493827 , 0 , 0 , 0 , 0 , 0 , 
399: 0 , 0 , 0 , 0 , 0 , 0 , 0 , 0 , 0 , 0 , 0 , 0 , 0 , 0 , 0 , 0 , 0 , 0 , 0 , 0 , 0 , 0 , 0 , 0 , 0 , 0 , 0 , 0 , 0 , 0 , 0 , 0 , 0 , 0 , 0 , 0 , 0.6150870406189555 , 0 , 0 , 
400: 0 , 0 , 0 , 0.9210019267822736 , 0 , 0 , 0.5672614962251201 , 0.0020491803278688526 , 0.7155727155727156 , 0 , 
401: 0 , 0 , 0.8287292817679558 , 0 , 0.47368421052631576 , 0 , 0 , 0 , 0.6793103448275862 , 0 , 0 , 0 , 0 , 0 , 0 , 0 , 0 , 0 , 0 , 0 , 0.5467625899280576 , 
402: 0 , 0 , 0.4 , 0.7221542227662179 , 0 , 0.3147208121827411 , 0.2963855421686747 , 0.7258687258687259 , 0.5050228310502283 , 0 , 0.8556985294117647 , 0.5822784810126582 , 0 , 0 , 0 , 0 , 0 , 0 , 0 , 0 , 0 , 0 , 0.6049382716049383 , 0 , 
403: 0 , 0 , 0 , 0.010752688172043012 , 0 , 0 , 0.5566502463054187 , 0.20604066985645933 , 
404: 0 , 0 , 0 , 0 , 0 , 0 , 0 , 0 , 0 , 0 , 0 , 0 , 0 , 0 , 0 , 0 , 0 , 0 , 0 , 0 , 0 , 0.06371191135734072 , 0.42945544554455445 , 0 , 0.6726190476190477 , 
405: 0 , 0 , 0 , 0 , 0 , 0 , 0 , 0 , 0 , 0 , 0.18166666666666667 , 0.8391051839105184 , 
406: 0 , 0 , 0 , 0 , 0 , 0 , 0 , 0 , 0 , 0 , 0 , 0 , 0 , 0 , 0 , 0 , 0.49822190611664297 , 
407: 0 , 0 , 0 , 0 , 0 , 0 , 0 , 
408: 0 , 0 , 0 , 0 , 0 , 0 , 0.9311663479923518 , 0 , 0 , 0 , 0 , 0 , 0.3229357798165138 , 0 , 0.8684422921711057 , 0 , 0 , 0 , 0.11320754716981132 , 0 , 0.36244897959183675 , 0 , 0.6017699115044248 , 0.36538461538461536 , 0 , 0 , 
409: 0 , 0.1622103386809269 , 0 , 0 , 0 , 0 , 0.4088669950738916 , 0 , 0.029003783102143757 , 0.6567741935483871 , 0 , 0 , 0 , 0.0064794816414686825 , 0.3986784140969163 , 0.07510288065843622 , 0 , 0 , 0 , 0 , 0 , 0 , 0 , 0.03264417845484222 , 0 , 0 , 0 , 0.8253205128205128 , 0 , 0.39285714285714285 , 0 , 0 , 0 , 
410: 0 , 0 , 0 , 0 , 0 , 0.8862343572241184 , 0.8293963254593176 , 0 , 0.8421621621621621 , 0.8344686648501363 , 0 , 0 , 0 , 0 , 0 , 0 , 0 , 
411: 0 , 0 , 0 , 0 , 0 , 0.9532967032967034 , 0.05405405405405406 , 0 , 0 , 0 , 0.346875 , 0 , 0 , 
412: 0 , 0 , 0 , 0 , 0 , 0.8199052132701422 , 0 , 0 , 0.5160142348754448 , 0 , 0 , 0 , 0.27464008859357697 , 0.28735632183908044 , 0.7683290284124776 , 0.1845665608819108 , 0 , 0 , 0 , 0 , 
413: 0 , 0 , 0 , 0 , 0.586422510049129 , 0 , 0 , 0 , 0 , 0 , 0 , 0 , 0.9175485008818343 , 0 , 0 , 
414: 0 , 0 , 0 , 0 , 0.01662049861495845 , 0.598343685300207 , 0 , 0 , 0 , 0 , 0 , 0 , 0 , 0 , 0 , 0 , 0 , 0 , 0 , 0 , 0.36231884057971014 , 0 , 0 , 0 , 0 , 0 , 0 , 0.3477832512315271 , 0 , 0 , 0.22727272727272727 , 0 , 0.375 , 0 , 
415: 0 , 0.6 , 0.8070987654320988 , 0 , 0.38257993384785005 , 0 , 0 , 0.06398104265402843 , 
416: 0 , 0 , 0 , 0 , 0.20426829268292682 , 0 , 0 , 0 , 0 , 0 , 0 , 0 , 0 , 0 , 0 , 0 , 0 , 0 , 0 , 0.37333333333333335 , 0.33370786516853934 , 0 , 
417: 0 , 0 , 0.654911838790932 , 0.3837837837837838 , 0.47570332480818417 , 0.48936170212765956 , 0.27479338842975204 , 0.6827458256029685 , 0 , 0.32553191489361705 , 0.10819672131147541 , 0 , 0.36597938144329895 , 
418: 0 , 0.3144790911288373 , 0.2922848664688427 , 
419: 0 , 0 , 0 , 0 , 0 , 0 , 0 , 0 , 0 , 0 , 
420: 0 , 0 , 0 , 0 , 0 , 0.7851897184822522 , 0 , 0.6288659793814433 , 
421: 0 , 0 , 0 , 0 , 0.7825533269659344 , 0.018867924528301886 , 
422: 0 , 0 , 0 , 0 , 0 , 0 , 0 , 0.8953323903818954 , 
423: 0 , 0.22165820642978004 , 0 , 0 , 0 , 0 , 0 , 0 , 0 , 0 , 0 , 0 , 0 , 0 , 0.1556122448979592 , 0 , 0 , 0.9723502304147466 , 0 , 0 , 0 , 0 , 0 , 0 , 0 , 0 , 0 , 0.21433640880056778 , 0.6566227244193346 , 0 , 0.3 , 
424: 0 , 0 , 0 , 0 , 0 , 0.25 , 0 , 0 , 0 , 0 , 0.7358642972536349 , 0 , 0 , 0.3321492007104796 , 0.7314691522414558 , 0 , 0.7181122448979592 , 
425: 0 , 0.6446518305814788 , 0.67578125 , 0.7852564102564102 , 0.5449856733524355 , 0.9757869249394673 , 0.753464930701386 , 0.30409356725146197 , 0.8805970149253731 , 
426: 0 , 0 , 0 , 0 , 0 , 0 , 0.6305147058823529 , 0.6463768115942029 , 0 , 0 , 0 , 0.3048128342245989 , 0 , 0 , 0.7632275132275133 , 0 , 0 , 0 , 0.8221680876979294 , 
427: 0 , 0 , 0 , 0 , 0 , 0.8714285714285714 , 0 , 0 , 0 , 0 , 0 , 0.3315858453473132 , 0 , 0 , 0 , 
428: 0 , 0.8278867102396514 , 0 , 0.8562596599690881 , 0 , 0 , 0 , 0 , 0 , 0.6162714097496707 , 0 , 
429: 0 , 0 , 0.8074534161490683 , 0.8097087378640777 , 0 , 0 , 0 , 0 , 0 , 0 , 0.2791932059447983 , 0.31210191082802546 , 0.5184331797235023 , 0.6748299319727891 , 0 , 0 , 0 , 0 , 0 , 0 , 0 , 0.6423972263496781 , 0 , 0 , 
430: 0 , 0 , 0 , 0 , 0.84400826446281 , 0 , 0 , 0 , 0.7636022514071295 , 0.011111111111111112 , 0.011254019292604502 , 0.07932489451476793 , 0.6410472972972973 , 0.6782334384858044 , 0 , 0.18740399385560677 , 0 , 0.03759398496240601 , 0.7352185089974294 , 0 , 0 , 0 , 0 , 0.747406405051872 , 
431: 0 , 0 , 0 , 0 , 0 , 0 , 0 , 0 , 0 , 0 , 0 , 0 , 0 , 0 , 0 , 0 , 0 , 0.3137973137973138 , 0.3616133518776078 , 0.907036797934151 , 0 , 0 , 0 , 0.10107334525939177 , 0.7327327327327328 , 0.10231185440236104 , 
432: 0 , 0.26146788990825687 , 0.8502495840266223 , 0.13431876606683804 , 0 , 
433: 0 , 0 , 0 , 0 , 0 , 0.8940170940170941 , 0 , 0.9375 , 0.9920634920634921 , 0 , 0 , 
434: 0 , 0 , 0 , 0.708433734939759 , 0 , 0.552258064516129 , 0.652542372881356 , 0.5825524319500223 , 0.12516884286357496 , 0.3008474576271186 , 
435: 0 , 0 , 0 , 0 , 0 , 0.4878048780487805 , 0.8728717366628831 , 0 , 0 , 0 , 0 , 0 , 0 , 0 , 0.37655172413793103 , 0.8162962962962963 , 0 , 
436: 0 , 0 , 0 , 0 , 0 , 0.3948170731707317 , 0.5816753926701571 , 0.6783687943262411 , 0.04301948051948052 , 
437: 0 , 0 , 0 , 0 , 0 , 0 , 0 , 0 , 0 , 0 , 0 , 0.8232079717132754 , 0.0944558521560575 , 0.0667931688804554 , 0 , 0.005441354292623942 , 0.7551416375630579 , 0 , 0 , 0 , 0.6368159203980099 , 0 , 0 , 0 , 0 , 0 , 0 , 0 , 0 , 0 , 0 , 0 , 0 , 0 , 0 , 0 , 
438: 0 , 0 , 0.8674928503336511 , 0.9773691654879774 , 0 , 0 , 0 , 0 , 0.26785714285714285 , 0 , 0.028089887640449437 , 0.45038167938931295 , 0.471190781049936 , 
439: 0 , 0 , 0.5682730923694779 , 0 , 0 , 0 , 0 , 0 , 0 , 0 , 0 , 0 , 0 , 0 , 0 , 0 , 0 , 0 , 0 , 
440: 0 , 0 , 0 , 0 , 0 , 0 , 0 , 0 , 0 , 0 , 0 , 0 , 0 , 
441: 0 , 0.14797507788161993 , 0.3685800604229607 , 0.1070559610705596 , 0.5812574139976275 , 0.23372781065088757 , 0.5167934681759139 , 
442: 0 , 0 , 0 , 0.40716612377850164 , 0.5929824561403508 , 0 , 0 , 0 , 0 , 0 , 0 , 0 , 0 , 0 , 0 , 0.26666666666666666 , 0 , 0 , 0 , 0 , 0 , 0.9572748267898383 , 0.8355387523629489 , 0 , 0 , 0 , 0 , 
443: 0 , 0 , 0 , 0 , 0 , 0 , 0.37447698744769875 , 0 , 
444: 0 , 0.8221556886227545 , 0.6485222198596641 , 
445: 0 , 
446: 0 , 0 , 0 , 0 , 0.4106412005457026 , 
447: 0 , 0 , 0 , 0 , 0 , 0.654642223536369 , 
448: 0 , 0.8629579375848032 , 
449: 0 , 
450: 0 , 0.7954545454545454 , 0 , 0 , 0.8133561643835616 , 0.6231647634584013 , 0.3761467889908257 , 0 , 0 , 0.13333333333333333 , 0.8616130453944469 , 
451: 0 , 0.44370860927152317 , 0.8981807511737089 , 
452: 0 , 0.8827993254637436 , 0.9518177836180465 , 0 , 0 , 0.6756329113924051 , 0.6 , 0.6018957345971564 , 0.6622601279317697 , 0.37332139659803043 , 0.5565217391304348 , 0 , 
453: 0 , 0.38946355544864086 , 0.9800469483568075 , 0.0012578616352201257 , 
454: 0 , 
455: 0 , 0 , 
456: 0 , 0 , 0 , 0 , 0 , 0 , 0 , 0 , 0.5942528735632184 , 0 , 
457: 0 , 0.18055555555555555 , 0.5325779036827195 , 0.48026315789473684 , 0.5288288288288289 , 0.8383794380309301 , 
458: 0 , 0 , 0 , 0 , 0 , 0 , 0 , 0.7369420702754036 , 0.5651890482398957 , 0 , 0 , 0.3763042746549983 , 0 , 
459: 0 , 0.7672316384180791 , 
460: 0 , 
461: 0 , 
462: 0 , 0 , 0 , 0 , 0.10318592486923443 , 
463: 0 , 
464: 0 , 0 , 0 , 0.6957431960921144 , 0 , 
465: 0 , 0 , 0 , 0 , 0 , 0 , 0 , 0 , 0.0035398230088495575 , 0.29711689997218876 , 0 , 
466: 0 , 0.2422062350119904 , 
467: 0 , 0.8414351851851852 , 0.946987951807229 , 
468: 0 , 0 , 0 , 0.3677811550151976 , 0.7836829836829837 , 0.13146338785816225 , 
469: 0 , 0.8830313014827018 , 
470: 0 , 0 , 0 , 0 , 0 , 0 , 0 , 0 , 0 , 
471: 0 , 0 , 0 , 0 , 0.6268656716417911 , 0 , 0 , 0 , 0 , 0.551056786350904 , 0 , 0 , 0 , 
472: 0 , 0 , 0 , 0 , 0 , 0 , 0 , 0 , 0 , 0 , 0.2869031519816915 , 0.16135084427767354 , 
473: 0 , 0 , 0 , 
474: 0 , 
475: 0 , 0.7754364840457556 , 
476: 0 , 0 , 
477: 0 , 0 , 0 , 0.4945377031707967 , 0.2704422526248807 , 0.38013136288998356 , 0 , 
478: 0 , 0.1602691543049396 , 0.6780432309442548 , 0.7045945556675789 , 
479: 0 , 0 , 0.6643835616438356 , 0 , 0 , 0 , 0 , 0 , 0 , 0 , 0.39869281045751637 , 
480: 0 , 0 , 0.3507711546477699 , 0 , 0 , 0 , 
481: 0 , 
482: 0 , 
483: 0 , 
484: 0 , 0 , 0 , 0 , 0.6863905325443787 , 0 , 0 , 
485: 0 , 0.6199770378874856 , 
486: 0 , 0.1783783783783784 , 0.3316970546984572 , 
487: 0 , 0 , 0.7404426559356136 , 0.7088859416445623 , 0.7197488584474886 , 0.4245889921372409 , 
488: 0 , 0 , 0.1603960396039604 , 0.14274385408406026 , 0 , 0.8118680149015434 , 0.6607892527287993 , 
489: 0 , 
490: 0 , 0.7112426035502959 , 0.692156862745098 , 
491: 0 , 0 , 0.751269035532995 , 0 , 0 , 0 , 
492: 0 , 0.10789473684210527 , 
493: 0 , 0 , 0.198 , 0 , 0.18664643399089528 , 
494: 0 , 0.42670046472327844 , 0.7440381558028617 , 0.83998207082026 , 
495: 0 , 0 , 0 , 0 , 0.5182266009852217 , 0 , 0.8755707762557078 , 0 , 0 , 0 , 
496: 0 , 0 , 0.8252911813643927 , 0 , 0 , 0.37104072398190047 , 0.7965331059960216 , 0.18705192265913534 , 0 , 
497: 0 , 0.8578093756942902 , 0.2652671755725191 , 0 , 
498: 0 , 0 , 0 , 0 , 0 , 0 , 
499: 0 , 0.4982915717539863 , 0 , 0.1961038961038961 , 0.09602649006622517 , 0.1965040338071456 , 
