0: 0 , 0 , 0 , 0 , 0 , 0 , 0.0 , 0 , 0.0 , 0 , 0.01243781094526258 , 0.0 , 0 , 0 , 0 , 0.07482798165133324 , 0 , 0 , 0.11314984709462822 , 0.21861924686146733 , 0 , 0 , 0 , 
1: 0 , 0.0 , 0.0 , 0 , 0.01647133354449123 , 0 , 0.12235169491493021 , 0.33209129017156014 , 0.010799584631358463 , 0 , 
2: 0 , 0.0 , 0 , 0 , 0 , 0 , 0.0 , 0 , 0 , 0.0 , 0 , 0 , 0 , 0 , 0 , 0 , 0 , 0 , 0 , 0 , 0 , 0 , 0.04615207107418185 , 0 , 0 , 0.025987006496746214 , 0 , 0 , 0.01445150798343641 , 0 , 0 , 0 , 
3: 0 , 0.0007177720356011495 , 0.6605504587080212 , 0.0 , 0.0 , 0.0006015455092312707 , 0 , 
4: 0 , 0.0 , 0.0 , 0 , 0 , 0 , 0 , 0 , 0 , 0 , 0 , 0.018575851393170882 , 0 , 0 , 0 , 0 , 0.0 , 0 , 0 , 0 , 0 , 0 , 0 , 0 , 0 , 0 , 0 , 0 , 0 , 0 , 0.0 , 0 , 0.011290489139786706 , 0 , 
5: 0 , 0.0 , 0.0 , 0.0 , 0.013749999999980902 , 0 , 0 , 0 , 0 , 0 , 0 , 0 , 0.0 , 0 , 0.0 , 0.21430996435234134 , 0.030623963251236286 , 0 , 0 , 0 , 
6: 0 , 0.0 , 0 , 0 , 0 , 0 , 0 , 0.0 , 0 , 0.0 , 0 , 0 , 0 , 0 , 0 , 0 , 0 , 0 , 0 , 0 , 0 , 0 , 0.03362817089451668 , 0.02120141342752438 , 0.0013378437780705737 , 0 , 
7: 0 , 0.0 , 0.0 , 0 , 0 , 0 , 0 , 0 , 0.0 , 0 , 0 , 0.007704785077045447 , 0 , 0 , 0 , 0 , 0 , 0 , 0 , 0 , 0.010100016396129409 , 0 , 0 , 0 , 0 , 0 , 0.019738011973204565 , 0 , 0.006690506402120577 , 0 , 0 , 
8: 0 , 0.0 , 0.0 , 0 , 0 , 0 , 0 , 0 , 0 , 0 , 0 , 0 , 0 , 0 , 0.08881070419529591 , 0 , 0.01800614844091975 , 0 , 0 , 
9: 0 , 0.0 , 0.0 , 0 , 0 , 0 , 0 , 0 , 0.0 , 0.09090909090082645 , 0 , 0 , 0.031004489337811796 , 0.2766570605174032 , 0 , 
10: 0 , 0.0 , 0 , 0 , 0 , 0 , 0 , 0.0 , 0 , 0 , 0 , 0 , 0 , 0 , 0 , 0 , 0 , 0.1097726366173835 , 0 , 0 , 0.0714117554735373 , 0 , 0 , 
11: 0 , 0 , 0 , 0 , 0.03930461073312275 , 0.40728196443605574 , 0 , 0.0 , 0 , 0 , 0.024943310657582905 , 0.24246838762295758 , 0.04043887147334678 , 0 , 0 , 
12: 0 , 0.0 , 0 , 0 , 0 , 0 , 0.0 , 0 , 0 , 0 , 0 , 0 , 0 , 0 , 0 , 0 , 0 , 0 , 0 , 0 , 0 , 0.06856393012381343 , 0 , 0.0 , 0 , 0 , 0 , 
13: 0 , 0 , 0 , 0 , 0 , 0 , 0 , 0 , 0 , 0 , 0 , 0 , 0.01911570834599984 , 0 , 0.07915075064400855 , 0 , 0 , 0.0018691588785041437 , 
14: 0 , 0.0 , 0.0 , 0 , 0 , 0 , 0 , 0 , 0 , 0 , 0 , 0.03445389873063783 , 0.13515482695802358 , 0 , 0 , 0 , 0 , 0.0 , 0 , 0 , 0 , 0 , 0 , 
15: 0 , 0.0 , 0 , 0 , 0 , 0 , 0 , 0 , 0 , 0.03752436647155203 , 0 , 0 , 0 , 0 , 0 , 0 , 0 , 0.018038331454320135 , 0 , 0 , 0 , 0 , 
16: 0 , 0.0 , 0.0 , 0.0029126459488890265 , 0 , 0 , 0.0 , 0 , 0 , 0 , 0 , 0 , 0.0 , 0 , 0.2582781456950588 , 0 , 0 , 0.022375915378341212 , 
17: 0 , 0.0 , 0.10973715994705535 , 0 , 0.0 , 0.0 , 0.0 , 0.005206530518056247 , 0 , 
18: 0 , 0.061961702483433426 , 0.0 , 0.0 , 0 , 0.010352941176467723 , 0.1042596838420366 , 0.11805555555551456 , 0 , 
19: 0 , 0.0 , 0 , 0 , 0 , 0 , 0 , 0.11743500109229031 , 0 , 0 , 0 , 0 , 0 , 0.012254901960780142 , 0 , 0 , 0 , 0.11682242990650751 , 0 , 0 , 0 , 0.0013664002186238016 , 0 , 0 , 0 , 0 , 0 , 0 , 0 , 0 , 
20: 0 , 0 , 0 , 0.010318471337575236 , 0 , 0.0 , 0 , 0.0 , 0 , 0.25718996153125895 , 0 , 0.030173466894679833 , 0 , 0.040441176470531054 , 0.006018255374634384 , 
21: 0 , 0.0016528925619830159 , 0.0 , 0.0 , 0.0 , 0 , 0.0 , 0.020270270270213202 , 0 , 0 , 0 , 0 , 0 , 0.016968250811946067 , 0 , 0 , 0 , 0 , 0 , 0 , 0 , 0.1744249726176243 , 0 , 0 , 0 , 
22: 0 , 0.0 , 0 , 0 , 0.03375680580761485 , 0 , 0.10928961748621935 , 0 , 0.0 , 0 , 0.046371721097060614 , 0 , 0 , 0 , 0 , 
23: 0 , 0 , 0.0 , 0.0 , 0 , 0.0 , 0 , 0 , 0 , 0 , 0 , 0.14326211712636155 , 0.022626451771099974 , 0.0025620869362678387 , 0.021282476506327693 , 0 , 0 , 0 , 
24: 0 , 0 , 0 , 0 , 0.0029906542056062344 , 0 , 0.0 , 0 , 0 , 0 , 0 , 0.00642300045878452 , 0 , 0.0 , 0 , 0.010688382745889624 , 0 , 
25: 0 , 0.0 , 0 , 0 , 0 , 0.4579918321361899 , 0 , 0 , 0.0 , 0 , 0.32387543252520445 , 0 , 0.008194034742706089 , 0 , 0.019261637239161817 , 0.019569471624259427 , 
26: 0 , 0.01699315553456298 , 0 , 0.7144170798014096 , 0 , 0 , 0 , 0 , 0 , 0 , 
27: 0 , 0 , 0.0 , 0 , 0 , 0 , 0.0004877994700723398 , 0 , 0 , 0 , 0 , 0 , 0 , 0 , 0 , 0.0030958550479903055 , 0 , 0 , 0 , 0 , 0 , 0.0 , 0 , 0 , 0 , 0 , 
28: 0 , 0.0 , 0 , 0 , 0 , 0 , 0 , 0 , 0.0 , 0 , 0.06553015372483961 , 0 , 0 , 0 , 0 , 0 , 0 , 0 , 0.0 , 0 , 0 , 
29: 0 , 0.0 , 0 , 0 , 0 , 0 , 0 , 0 , 0.0 , 0 , 0.06959769139361195 , 0 , 0 , 0 , 0 , 0 , 0 , 0 , 0 , 0.013537906137180299 , 0 , 0.07825862650553043 , 0 , 0 , 0 , 
30: 0 , 0.0 , 0.0 , 0 , 0.0 , 0.7199999999712 , 0.056354226566965517 , 0 , 
31: 0 , 0.0 , 0.0031813361611865744 , 0 , 0 , 0 , 0 , 0 , 0 , 0.0 , 0.0 , 0 , 0.029766297662968497 , 0 , 0 , 0 , 0.070919186337183 , 0 , 0 , 0 , 0 , 0 , 
32: 0 , 0.028641072516751093 , 0.0 , 0 , 0 , 0 , 0 , 0 , 0 , 0.0005483100301568369 , 0.022584759273024453 , 0.0 , 0.026027706913803073 , 0.2882483370286473 , 0 , 
33: 0 , 0.0 , 0.0 , 0.0 , 0.0 , 0.0 , 0 , 0.022631977772160878 , 0.028674042750385476 , 0 , 0 , 0 , 0 , 0 , 0.11498159161706945 , 0.0 , 
34: 0 , 0 , 0 , 0 , 0 , 0 , 0 , 0.028403711418278542 , 0.020297209133707327 , 0.014348958333331465 , 0 , 0 , 0 , 0 , 0 , 0 , 0 , 0 , 0 , 0 , 0.009585430146175513 , 
35: 0 , 0.0 , 0.0 , 0 , 0.0 , 0 , 0 , 0 , 0.0 , 0 , 0.006887645286265286 , 0 , 0 , 0 , 
36: 0 , 0 , 0.002028123309896785 , 0.509999999997875 , 0.0 , 0.0 , 0 , 0 , 0 , 
37: 0 , 0.0 , 0 , 0.0 , 0.0 , 0.0 , 0.0 , 0.0010629046284662618 , 0 , 0 , 0.0028284275828252547 , 0.6770877944310983 , 0 , 0 , 
38: 0 , 0 , 0.009861932938854496 , 0 , 0 , 0 , 0.0 , 0 , 0.6269956458544703 , 0 , 0 , 0 , 0 , 0 , 
39: 0 , 0.0 , 0 , 0 , 0.037684654808543015 , 0 , 0 , 0.0014814814814809827 , 0.004809470958192621 , 0 , 0.6321218074653083 , 0 , 0.0 , 0 , 0 , 
40: 0 , 0.0 , 0.007132881085393274 , 0 , 0 , 0.008839521967954162 , 0 , 0 , 0 , 0.0 , 0 , 0.061135371179011196 , 0 , 0.1416815742396776 , 0 , 0 , 0 , 0 , 0 , 
41: 0 , 0.0 , 0.0 , 0 , 0 , 0 , 0 , 0 , 0 , 0 , 0 , 0.027429526631704493 , 0 , 0 , 0 , 0 , 0 , 0 , 0 , 0 , 0 , 0 , 0.0 , 0 , 
42: 0 , 0.0 , 0.0 , 0.0 , 0 , 0 , 0 , 0 , 0 , 0 , 0 , 0.0 , 0 , 0 , 0 , 0 , 0 , 0 , 0 , 0 , 0.09246944644138137 , 0 , 0 , 0.0 , 0 , 0.0012247170161437699 , 0 , 
43: 0 , 0.0 , 0 , 0 , 0 , 0 , 0 , 0 , 0 , 0.008307372793352226 , 0 , 0 , 0 , 0 , 0 , 0 , 0 , 0 , 0.0016741071428567837 , 0 , 0 , 0 , 0 , 0 , 0.18860738532864477 , 0 , 0 , 0.06735677821889723 , 0 , 0 , 
44: 0 , 0.0 , 0.0031826861871403892 , 0.0026206595326485733 , 0 , 0.004182411857503727 , 0 , 0 , 0.08880666049933209 , 0 , 0 , 0 , 
45: 0 , 0.0 , 0 , 0 , 0 , 0 , 0 , 0.005332786380883101 , 0 , 0 , 0 , 0 , 0 , 0 , 0 , 0 , 0 , 0 , 0 , 0.005319516407597471 , 0.007187780772684589 , 0 , 0 , 0 , 0.005354930076117297 , 0 , 
46: 0 , 0.0 , 0.0 , 0.0 , 0.0 , 0.09999999999166667 , 0 , 0 , 0.7965249199804961 , 0 , 0 , 0 , 0 , 
47: 0 , 0.0 , 0 , 0 , 0 , 0 , 0.01968151726605246 , 0.0 , 0 , 0.002315410342165202 , 0 , 0 , 
48: 0 , 0.05950453367873239 , 0.03810208483104539 , 0.0 , 0 , 0 , 0.0 , 0 , 0 , 0.07784264664995003 , 0.2333333333329521 , 0.0 , 0 , 0.0 , 0 , 0 , 0.009378340171703142 , 0 , 0 , 
49: 0 , 0.0 , 0.0 , 0 , 0 , 0 , 0 , 0 , 0.012326656394448687 , 0.0 , 0 , 0 , 0.0 , 0.24155405405385003 , 0 , 0 , 
50: 0 , 0 , 0 , 0 , 0 , 0.00039402396979136626 , 0 , 0 , 0.012885411872984184 , 0.24894924021975065 , 0 , 0.19653802383848173 , 0 , 
51: 0 , 0.0 , 0 , 0 , 0 , 0 , 0.0031728862448164464 , 0 , 0.032918897393906056 , 0 , 0 , 0 , 0 , 0 , 0 , 0 , 0.0 , 0 , 0 , 0 , 0 , 0 , 0 , 
52: 0 , 0 , 0 , 0 , 0 , 0 , 0 , 0 , 0 , 0.07913498098854614 , 0 , 0 , 0.006806460902116075 , 0 , 0 , 0 , 0 , 0.0 , 0 , 0 , 0.10162367097995523 , 0 , 
53: 0 , 0 , 0 , 0 , 0 , 0 , 0 , 
54: 0 , 0.0 , 0.0 , 0 , 0 , 0 , 0 , 0.0 , 0 , 0.5352971051281481 , 0 , 0 , 0 , 0 , 0 , 
55: 0 , 0.0 , 0 , 0 , 0 , 0 , 0.021108102599932874 , 0 , 0 , 0 , 0 , 0 , 0.020645098610696275 , 0 , 0 , 0.04629629629627108 , 0.05519825163907687 , 0 , 0 , 0 , 
56: 0 , 0.0 , 0.0015903669203662495 , 0 , 0.0 , 0 , 0 , 0 , 0.09934625595931962 , 0 , 0.0 , 0 , 0 , 0 , 0 , 0.0016189088554301287 , 0 , 0.021844446401822492 , 0 , 0.011806943519131021 , 0 , 
57: 0 , 0 , 0.0 , 0 , 0.0012944983818763244 , 0 , 0 , 0.0 , 0 , 0.054975369458101 , 0.0 , 0 , 0 , 0 , 0.10186228378282068 , 0 , 0 , 0 , 0 , 
58: 0 , 0.0 , 0 , 0.0 , 0 , 0.0 , 0 , 0 , 0 , 0 , 0.0 , 0.0 , 0.17142857142845805 , 0 , 0 , 0 , 0.014133218050608848 , 0 , 0 , 0 , 0.0 , 
59: 0 , 0.0004636673186987664 , 0.0 , 0.02089884696016087 , 0.11244979919677042 , 0.0 , 0.0 , 0 , 
60: 0 , 0 , 0.0 , 0 , 0 , 0.002151565861821145 , 0 , 0 , 0 , 0.0 , 0 , 0 , 0 , 0 , 0 , 0 , 0 , 0.018783892927190775 , 0 , 0.11591695501726522 , 0 , 0.0 , 0 , 0 , 
61: 0 , 0.0 , 0.0 , 0.028470101467807634 , 0.37529944104321916 , 0.10049019607837782 , 0.05182443151769266 , 0.09560906515567194 , 
62: 0 , 0 , 0.0 , 0.0 , 0 , 0.0 , 0 , 0 , 0.008501794823343565 , 0 , 0.030684886670476863 , 0.1317163129434152 , 0 , 0 , 0.053915275994796 , 0 , 0 , 0 , 0 , 0 , 0 , 
63: 0 , 0.0 , 0 , 0.005635245901637123 , 0 , 0.09444444444442258 , 0 , 0 , 
64: 0 , 0.0 , 0 , 0.0 , 0 , 0.04941241787729413 , 0 , 0.10666666666663642 , 0.04766719630215818 , 0 , 0 , 0.05829355207421541 , 0 , 0 , 0.05683860531990522 , 0 , 
65: 0 , 0.0 , 0.0 , 0 , 0 , 0 , 0 , 0 , 0.0 , 0 , 0 , 0 , 0 , 0 , 0 , 0 , 0 , 0 , 0 , 0 , 0 , 0 , 0 , 0 , 0.5219660722045498 , 0 , 0 , 0 , 0.008020050125309628 , 0.0883392226146459 , 0 , 0 , 
66: 0 , 0.0 , 0 , 0 , 0 , 0 , 0.005730268094683904 , 0 , 0 , 0.005904144477886692 , 0.049012158054680205 , 0 , 0 , 0 , 0.26746894409903277 , 0.01967067200711477 , 0 , 0.0029669188547688332 , 0 , 0 , 
67: 0 , 0 , 0.0 , 0 , 0.0009735292754156165 , 0.0063714558776578984 , 0 , 0 , 0 , 0 , 0 , 0 , 0 , 0.17417417417405792 , 0 , 0 , 0 , 0.008722741433018787 , 0.011031101578058956 , 0 , 
68: 0 , 0 , 0.0 , 0.0 , 0.0 , 0.0 , 0 , 0 , 0 , 0.0 , 0 , 0 , 0 , 0 , 0 , 0 , 0 , 0.4387568555754227 , 0 , 0 , 0 , 0 , 
69: 0 , 0 , 0.0 , 0.4676113360229228 , 0.002350439308298851 , 0.024774650223962698 , 0.20972049136512425 , 0.0 , 0 , 0.032618713684619265 , 
70: 0 , 0 , 0 , 0 , 0 , 0 , 0 , 0 , 0.0 , 0 , 0 , 0 , 0 , 0 , 0 , 0 , 0.003200568990042105 , 0 , 0 , 0 , 0.009077802103909287 , 0 , 0.0 , 0.007852174284127544 , 0 , 0 , 0 , 
71: 0 , 0.0 , 0.0024300902349678496 , 0 , 0 , 0 , 0.0 , 0 , 0 , 0 , 0 , 0.0 , 0.0 , 0.0 , 0.16028651949262546 , 0 , 0 , 0.03259351233895567 , 0.022056878306871013 , 
72: 0 , 0 , 0.0 , 0.0 , 0.0 , 0 , 0 , 0 , 0 , 0.0 , 0 , 0 , 0 , 0 , 0.08679245283016883 , 0 , 0 , 0 , 0 , 0 , 0 , 0 , 0 , 0 , 
73: 0 , 0.004489646325819362 , 0.10452114730176892 , 0.02414342220166843 , 0.0 , 0.01928191489361061 , 0.0055207949944784795 , 
74: 0 , 0.018350898946057546 , 0.21560940841016463 , 0.0 , 0.00035831591519845977 , 0 , 0.0 , 0.03554661301138471 , 0 , 0.2288014189234762 , 0 , 0 , 0.15292459478497009 , 0 , 
75: 0 , 0.0 , 0.0 , 0 , 0.0 , 0.0 , 0 , 0 , 0 , 0 , 0 , 0.1582031249995586 , 0 , 0 , 0 , 0 , 
76: 0 , 0.0 , 0.0 , 0 , 0 , 0 , 0 , 0 , 0 , 0 , 0.03307392996092863 , 0 , 0 , 0 , 0 , 0 , 0.003082688588007116 , 0 , 0.05509375604092877 , 0 , 0.0 , 0 , 0 , 0 , 0 , 0 , 0 , 0 , 0 , 
77: 0 , 0 , 0 , 0 , 0 , 0 , 0.007813696951125293 , 0 , 0 , 0 , 0 , 0 , 0.11658808401175184 , 0 , 0 , 0 , 0 , 0 , 0.0438378825475427 , 0 , 0.0009874917709018008 , 0.004978600751156823 , 0 , 0 , 0.006338553318417614 , 0 , 
78: 0 , 0.004992482909254534 , 0 , 0.004398020890598132 , 0.0 , 0.01764609770709176 , 0.0 , 0 , 0 , 0.07717780034435198 , 
79: 0 , 0.0 , 0.0 , 0.0 , 0 , 0.0 , 0.05698229500270199 , 0 , 0 , 0.15669642857137028 , 0.01844903064414779 , 0.0 , 0 , 0 , 0 , 0 , 0 , 0 , 
80: 0 , 0 , 0 , 0 , 0 , 0.0 , 0 , 0 , 0 , 0 , 0 , 0.005372703056570594 , 0 , 0 , 0 , 0.13295346628661925 , 0 , 0 , 0 , 0 , 
81: 0 , 0.0 , 0.002051351412276087 , 0.0 , 0 , 0 , 0 , 0 , 0 , 0.0 , 0.30456226880019033 , 0 , 0 , 0 , 
82: 0 , 0.0 , 0 , 0.0 , 0 , 0 , 0 , 0.05127070011476451 , 0.16751269035524136 , 0.0 , 0.04857595967933598 , 0 , 
83: 0 , 0.0 , 0.0 , 0 , 0 , 0 , 0 , 0 , 0.0 , 0 , 0 , 0 , 0 , 0.0 , 0.00600038963568946 , 0 , 0 , 0 , 0 , 0.02002738788085129 , 0 , 
84: 0 , 0.23387096774143915 , 0.005101151028947898 , 0 , 0 , 0.28258706467638256 , 0.012953367875605722 , 0.0 , 0.0061138613861371005 , 0 , 
85: 0 , 0.0 , 0 , 0 , 0 , 0 , 0 , 0 , 0 , 0.0013922971162043558 , 0 , 0 , 0 , 0 , 0.0023689665383468663 , 0.0005940358797669027 , 0 , 0 , 0 , 0.010731707317068809 , 0 , 0 , 0 , 0 , 0.0 , 0 , 0 , 
86: 0 , 0 , 0 , 0 , 0 , 0.0 , 0 , 0 , 0 , 0 , 0 , 0.07954545454470129 , 0 , 0 , 0.0032214670065131654 , 0 , 0 , 0 , 0 , 0 , 0 , 0 , 0 , 0 , 0 , 0 , 0 , 0 , 0.00843833524245573 , 0 , 
87: 0 , 0 , 0.0 , 0.0 , 0.0 , 0.0 , 0.003617726861621584 , 0 , 0 , 0 , 0 , 0 , 0 , 0 , 0 , 0 , 0 , 0 , 0 , 0 , 0 , 0 , 0 , 0 , 0.005044798265136673 , 0 , 0 , 0 , 0 , 0.0017683987149630794 , 0 , 0 , 0 , 0 , 0 , 0 , 
88: 0 , 0.0 , 0.0 , 0 , 0 , 0 , 0 , 0.0 , 0 , 0 , 0 , 0 , 0 , 0 , 0 , 0 , 0 , 0 , 0 , 0.7426921688914266 , 0 , 0.001988150622290354 , 0 , 0 , 0.058294081984769715 , 0 , 
89: 0 , 0.0 , 0.05333189678389628 , 0.02841287458378527 , 0.28613641960094255 , 0.040593600247320887 , 0.0 , 0 , 0 , 
90: 0 , 0.0 , 0 , 0 , 0 , 0.0061736093788961974 , 0 , 0 , 0 , 0.03948443314873424 , 0 , 0 , 0.5843941537006252 , 0 , 0 , 0.011124581045417439 , 0 , 0 , 
91: 0 , 0 , 0.0 , 0 , 0.0 , 0 , 0.009218064846524147 , 0 , 0.054245836265524795 , 0 , 0.021998166819424247 , 0 , 
92: 0 , 0 , 0.0 , 0.009345794392519145 , 0 , 0 , 0 , 0 , 0.003346978708065788 , 0 , 0.0 , 0 , 0.0 , 0 , 0 , 0 , 0 , 0 , 0.19577843002554307 , 0 , 0 , 0.044896463258190196 , 0.008559699537076644 , 
93: 0 , 0 , 0 , 0 , 0 , 0.0007724564113880441 , 0 , 0.0 , 0 , 0 , 0.0 , 0 , 0 , 0 , 0 , 0 , 0 , 0.015907735136207347 , 0.005819079527419068 , 0 , 
94: 0 , 0 , 0 , 0 , 0 , 0 , 0.0 , 0 , 0 , 0 , 0 , 0 , 0 , 0 , 0.06481340441735248 , 0 , 0 , 0 , 0 , 0 , 0.021028037383172753 , 0 , 0 , 0 , 
95: 0 , 0.0 , 0.0 , 0 , 0 , 0 , 0.004612147242799397 , 0 , 0 , 0 , 0.0 , 0 , 0.0 , 0 , 0 , 0 , 0 , 0 , 0 , 0 , 0.024924623115570733 , 0 , 0 , 0.38197097020553483 , 0 , 0 , 0 , 0.018746726215085947 , 0 , 0 , 
96: 0 , 0.0 , 0 , 0 , 0 , 0 , 0 , 0 , 0.0 , 0 , 0 , 0 , 0.01563623292594943 , 0 , 0 , 0 , 0.21787513177918597 , 0.016199578810937792 , 0 , 0 , 0 , 0 , 
97: 0 , 0.0 , 0.0 , 0 , 0 , 0 , 0 , 0 , 0.009695290858712334 , 0 , 0 , 0 , 0 , 0 , 0 , 0 , 0 , 0.04829591342267138 , 0 , 0 , 0 , 0 , 0 , 0 , 0.17718581770921793 , 0.0012946555002628023 , 0.10050541516230974 , 0 , 0 , 
98: 0 , 0.0 , 0.0 , 0.010801080108001078 , 0 , 0 , 0.011101622544827154 , 0 , 0 , 0.014169226268828768 , 0 , 0.1955954795709971 , 0 , 0 , 0 , 0 , 
99: 0 , 0.0 , 0.0 , 0.09810584152682322 , 0.11777573106143303 , 0 , 0.37269469451938403 , 0 , 0.04385083407939854 , 0.11763598720114923 , 0 , 
100: 0 , 0 , 0 , 0 , 0 , 0.006245662734210619 , 0 , 0 , 0.0 , 0 , 0 , 0 , 0 , 0 , 0.19234693877518308 , 0 , 0.11975289086009828 , 0 , 0 , 0 , 0 , 
101: 0 , 0.0 , 0.2105263157771622 , 0.0 , 0 , 0.0 , 0.0 , 0 , 0.06083650190110666 , 0.2750385648173027 , 0 , 0.07220852412818236 , 0 , 0 , 
102: 0 , 0.0 , 0.002293906810035294 , 0.002539360081258806 , 0 , 0.004411764705880731 , 0.0 , 0 , 0.5891495601155744 , 0 , 0 , 0.13131313131092065 , 0 , 0 , 
103: 0 , 0 , 0 , 0.006381151061477979 , 0 , 0 , 0.1239950076916019 , 0 , 0.021827252884298542 , 0 , 0 , 0 , 0 , 0 , 0 , 0 , 0 , 0 , 0 , 0 , 0 , 0 , 0 , 0 , 0 , 0 , 0 , 0 , 0.0 , 0 , 0 , 0 , 0 , 0 , 
104: 0 , 0.0 , 0.020063229571972235 , 0.0 , 0.0 , 0.2283014175577079 , 0.0 , 0.002185696800139407 , 0 , 0 , 0 , 
105: 0 , 0.0008853910477125946 , 0.0 , 0 , 0.003293743509864471 , 0 , 0 , 0 , 0 , 0.006076462148699403 , 0 , 0 , 0.1017653167185418 , 0 , 0 , 0.016880924555230645 , 0 , 0 , 9.310553512404146e-05 , 
106: 0 , 0 , 0.0 , 0 , 0 , 0 , 
107: 0 , 0 , 0 , 0.0 , 0 , 0 , 0 , 0 , 0 , 0 , 0 , 0.027118644067783842 , 0.007014028056100511 , 0 , 0.01751327619324044 , 0.39056831922572494 , 0.19824149418371567 , 0 , 
108: 0 , 0 , 0 , 0.0 , 0 , 0 , 0 , 0.012514013087568759 , 0 , 0.23867924528273737 , 0 , 0 , 0 , 0 , 0 , 0.0027094152178801013 , 0 , 0 , 0 , 0.08755306246206505 , 0 , 0 , 0 , 0.003522818254598042 , 0 , 0 , 0 , 0 , 
109: 0 , 0.0 , 0 , 0.0 , 0 , 0 , 0 , 0.0 , 0 , 0 , 0 , 0 , 0 , 0 , 0 , 0 , 0 , 0 , 0 , 0 , 0.05063399957014802 , 0 , 0 , 0 , 0 , 
110: 0 , 0.0 , 0 , 0 , 0.004949328305442803 , 0 , 0 , 0 , 0.0 , 0 , 0 , 0 , 0 , 0.12158054711240844 , 0 , 0 , 0 , 0 , 0 , 0.0007022113273069938 , 0 , 
111: 0 , 0.0 , 0.0 , 0.007514873186511056 , 0 , 0 , 0 , 0 , 0 , 0 , 0 , 0 , 0 , 0 , 0.0 , 0 , 0 , 0 , 0.004557003977020395 , 0.2567346938770271 , 0 , 0 , 0 , 
112: 0 , 0 , 0 , 0 , 0 , 0 , 0 , 0 , 0 , 0 , 0 , 0 , 0 , 0 , 0 , 0.0023822613157408862 , 0 , 0 , 0.06933012112690268 , 0.02495974235104061 , 0 , 0 , 0 , 0.0 , 0.002953724975383686 , 0 , 0 , 0 , 0 , 0 , 0 , 0 , 0 , 
113: 0 , 0.0 , 0.03241939279828641 , 0 , 0 , 0 , 0 , 0 , 0.04069767441857267 , 0.007385774846913352 , 0.0 , 0 , 0 , 0.005952802777973224 , 0 , 0.3329408301432648 , 0 , 0 , 0 , 0 , 0 , 
114: 0 , 0.0 , 0.0 , 0.003261836512797013 , 0.04490271079326255 , 0.1408536585365138 , 0 , 0 , 
115: 0 , 0 , 0 , 0.0 , 0 , 0 , 0.013938466768653079 , 0.02919264102169805 , 0.33227498619524276 , 0.012144344205405885 , 0 , 0 , 0.0 , 0 , 
116: 0 , 0.0 , 0 , 0 , 0 , 0 , 0.0018932548493137997 , 0.0 , 0 , 0 , 0.0238549618320421 , 0 , 0 , 0 , 0 , 0 , 0 , 0 , 
117: 0 , 0.0 , 0.0 , 0.03801169590639801 , 0.041674559575650895 , 0.02322499651275789 , 0.035555555555516045 , 0.4978528485528261 , 0.0 , 0.014508523757703269 , 
118: 0 , 0.0 , 0.0 , 0.0 , 0 , 0 , 0 , 0 , 0 , 0 , 0.0 , 0 , 0 , 0.015446339017043407 , 0 , 0 , 0 , 0.19500230700109403 , 
119: 0 , 0 , 0 , 0.029541304114292705 , 0 , 0 , 0.09352857817660987 , 0.0 , 0.04057457326740016 , 0.03247564326753775 , 0 , 0 , 0 , 0 , 0 , 
120: 0 , 0 , 0.0034113060428834787 , 0 , 0.0 , 0.0 , 0.010567688827909611 , 0 , 0 , 0.03453237410067801 , 0.016547861507107246 , 0.08554208118506806 , 0.39638932496051416 , 0 , 
121: 0 , 0.0 , 0 , 0 , 0.018600718664117097 , 0 , 0.017934854279303067 , 0.06079027355612835 , 0.013464991023335001 , 0 , 0 , 0 , 0 , 0 , 0 , 0 , 0.0038222446236551113 , 
122: 0 , 0.010393902244011302 , 0.0 , 0.0012182387747995075 , 0 , 0.0 , 0 , 0 , 0.2149695387283944 , 0.10710840568136676 , 0 , 0.0 , 0 , 0 , 0 , 0 , 0.0 , 0 , 0 , 0.06280915679278568 , 0 , 0 , 
123: 0 , 0 , 0.0032128514056203395 , 0.0497982482039006 , 0.27391150442458484 , 0.025113122171940023 , 0 , 0 , 0 , 
124: 0 , 0.004656084656079728 , 0.6830417227433276 , 0.30784410458755496 , 0.175159235668657 , 0.09473684210523908 , 0.021854780733269692 , 0.0 , 0.20993343573970819 , 
125: 0 , 0.0 , 0.003431372549018206 , 0 , 0 , 0 , 0 , 0.05371843170077617 , 0 , 0.0 , 0 , 0 , 0.014971114555443327 , 0.12845023300269706 , 0 , 0 , 0 , 
126: 0 , 0 , 0 , 0 , 0 , 0 , 0.0035031090092452672 , 0.0 , 0 , 0 , 0 , 0 , 0.0019215652022008792 , 0.002510160172124936 , 0 , 0 , 0.12962962962762917 , 0 , 0 , 0 , 0 , 0 , 0 , 0.0 , 0 , 0 , 0 , 
127: 0 , 0 , 0 , 0.0 , 0 , 0 , 0 , 0 , 0 , 0 , 0 , 0 , 0 , 0 , 0 , 0 , 0 , 0.014388489208626192 , 0 , 0 , 0 , 0 , 0 , 0 , 0 , 0.015259001472349579 , 0 , 0 , 0.029906542056069286 , 0 , 0 , 0 , 
128: 0 , 0.1204775947636334 , 0.0 , 0.0 , 0 , 0 , 0 , 0 , 0 , 0 , 0 , 0 , 0.047217537942632566 , 0 , 0 , 0 , 0.10340403694831127 , 0 , 0 , 0 , 
129: 0 , 0.0 , 0.0 , 0 , 0.0006949572166962465 , 0 , 0 , 0 , 0 , 0.0 , 0 , 0 , 0 , 0 , 0 , 0.26537419220334985 , 0 , 0 , 0 , 0.022267206477715455 , 0.0028604118993120135 , 0 , 0 , 
130: 0 , 0.0 , 0.021763392857131816 , 0.0 , 0 , 0.0 , 0 , 0 , 0 , 0 , 0.0 , 0 , 0 , 0 , 0 , 0 , 0 , 0 , 0 , 0.19382843390046944 , 0 , 0 , 0 , 0 , 0 , 0 , 0 , 
131: 0 , 0 , 0 , 0 , 0.0 , 0.011028753536000633 , 0.0 , 0.17088511670198778 , 0 , 0 , 0 , 0 , 0 , 0 , 0 , 0 , 0 , 0.0388362744429796 , 0 , 0 , 0 , 0 , 0 , 0 , 
132: 0 , 0.0 , 0 , 0 , 0 , 0.0 , 0 , 0 , 0 , 0.003232062055587289 , 0 , 0 , 0 , 0 , 0 , 0 , 0 , 0 , 0 , 0 , 0 , 0 , 0 , 0.1245878709161132 , 0 , 0.08100748808710784 , 
133: 0 , 0.0 , 0.0016595423686191454 , 0.019306639805238557 , 0 , 0.0 , 0 , 0 , 0 , 0 , 0.053819444444425754 , 0 , 0 , 
134: 0 , 0.0 , 0.0 , 0 , 0 , 0 , 0 , 0 , 0 , 0 , 0 , 0 , 0 , 0.10285995515934661 , 0 , 0 , 0.02184939523986793 , 0 , 
135: 0 , 0.011439029970245436 , 0.0 , 0.0 , 0 , 0.005464480874300351 , 0.0 , 0 , 0 , 0.09565764631835326 , 0 , 0.011790313803725928 , 0 , 0 , 0 , 0 , 0 , 
136: 0 , 0.0007098071690522675 , 0.0 , 0.13166990710729548 , 0.036578083009840036 , 0.04052913031235501 , 0.5197048082771457 , 0 , 
137: 0 , 0 , 0 , 0 , 0 , 0 , 0 , 0.00883268091939292 , 0 , 0 , 0 , 0 , 0 , 0 , 0 , 0 , 0 , 0 , 0.004544274214487776 , 0 , 0 , 0.0067710537452333715 , 0 , 0.0 , 0 , 0 , 0.0 , 0 , 0 , 0 , 0 , 
138: 0 , 0 , 0 , 0 , 0.0 , 0 , 0 , 0 , 0.03358208955161227 , 0 , 0 , 0 , 0 , 0 , 0 , 0 , 0.09677193146488003 , 0 , 0 , 0 , 0.007941322450775966 , 0.0 , 0 , 0 , 0 , 
139: 0 , 0.07284768211898601 , 0 , 0 , 0.0 , 0 , 0 , 0.0 , 0 , 0.0 , 0.23809523809511898 , 0 , 0 , 0 , 0 , 0.01096624832459427 , 0 , 0 , 0.07722007722004172 , 0 , 0 , 0 , 0.0010818412938816023 , 0 , 
140: 0 , 0.0 , 0.0 , 0 , 0.010957762805185295 , 0 , 0.05244686304662942 , 0 , 0 , 0.010010537407794753 , 0.008153162990462525 , 0.02544247787609056 , 0.004112918302485486 , 0.009718688153799223 , 0 , 
141: 0 , 0 , 0 , 0.0 , 0 , 0.005620608899296039 , 0 , 0 , 0 , 0.00946521533363764 , 0 , 0.0045562078331717 , 0.03181987346480106 , 0.007534593928850587 , 
142: 0 , 0 , 0 , 0.006851922344875744 , 0.0 , 0.0 , 0 , 0 , 0.04978060220909624 , 0.15424994294279473 , 0 , 0 , 0 , 0 , 0 , 0 , 
143: 0 , 0 , 0.0027638306693063873 , 0.0 , 0.0 , 0 , 0.0 , 0 , 0 , 0.0 , 0 , 0 , 0.038792495415405 , 0.15050283204236445 , 0 , 0.026369026857332972 , 0 , 
144: 0 , 0.0008881601421055014 , 0.0 , 0.0 , 0.16640986132447455 , 0 , 0.026253428122580014 , 0.3408984557787308 , 0 , 0.012511973180069138 , 0 , 0 , 
145: 0 , 0.0 , 0 , 0.0 , 0 , 0.006029285099050811 , 0 , 0 , 0 , 0.04854368932036591 , 0.0018515253041788851 , 0 , 
146: 0 , 0 , 0 , 0 , 0.21696574224768408 , 0 , 0.0 , 0.009575986372633308 , 0.0 , 0 , 0 , 0.03421963499053318 , 0 , 0.015382794935501489 , 0.0067412287421462795 , 0 , 0 , 0.08627729451439173 , 0 , 0 , 0 , 0 , 
147: 0 , 0.0 , 0.0 , 0 , 0 , 0 , 0 , 0 , 0 , 0 , 0.0 , 0 , 0 , 0.03321809709904682 , 0 , 0.052177572059641956 , 0.02876984126982448 , 0 , 0.32186710789835243 , 0.09438131313126348 , 
148: 0 , 0.0 , 0 , 0 , 0 , 0 , 0 , 0.0 , 0 , 0 , 0 , 0 , 0 , 0.0 , 0 , 0.0394857667584759 , 0 , 0.012720664589821818 , 0 , 0.0 , 0 , 0 , 
149: 0 , 0.0033505514449237513 , 0.0 , 0.0072702834799586785 , 0.0 , 0.029919447640952283 , 0 , 0.0 , 0 , 0 , 0 , 0 , 0 , 0.25540941875238077 , 0.006040222390002031 , 0 , 0 , 0 , 
150: 0 , 0.0 , 0 , 0 , 0 , 0 , 0 , 0 , 0 , 0.0 , 0 , 0 , 0.0035110365302688756 , 0 , 0 , 0.11613372093014815 , 0 , 0 , 0 , 0 , 0 , 0 , 0 , 
151: 0 , 0.002970787258622718 , 0.0 , 0 , 0.0 , 0 , 0 , 0 , 0 , 0 , 0.0027047260257428694 , 0 , 0 , 0.0981912144700728 , 0 , 0.0 , 0 , 0 , 0 , 0 , 0.0 , 0 , 0 , 0 , 0 , 0 , 0 , 
152: 0 , 0 , 0.0008097985626073875 , 0.0013272868045565286 , 0.0 , 0.0015151515151509685 , 0 , 0 , 0.0024172430000655226 , 0 , 0 , 0.012900143334923264 , 0 , 0 , 0.0 , 0.10523587350952227 , 0 , 0 , 
153: 0 , 0 , 0 , 0.11297071129701919 , 0 , 0 , 0 , 0 , 0 , 0.012221423436374878 , 0.0 , 0 , 0 , 0.034431874077712525 , 0.13888508423494117 , 0 , 0 , 0 , 0 , 0 , 0 , 0 , 
154: 0 , 0.0 , 0 , 0.0 , 0 , 0 , 0 , 0 , 0.0 , 0 , 0 , 0 , 0 , 0 , 0 , 0.0618572524942124 , 0.03509329098847356 , 0 , 0 , 0 , 0 , 0 , 
155: 0 , 0 , 0.7090367427968767 , 0 , 0 , 0 , 0 , 0 , 
156: 0 , 0.021472725300935736 , 0 , 0 , 0 , 0 , 0 , 0 , 0 , 0 , 0 , 0 , 0.0038309337374749872 , 0 , 0.007872867764974579 , 0 , 0 , 0 , 0 , 0.016803970473378983 , 0 , 0 , 0 , 0.005112781954885296 , 0 , 0 , 
157: 0 , 0.0 , 0 , 0 , 0 , 0.0 , 0 , 0 , 0 , 0 , 0 , 0 , 0 , 0 , 0 , 0 , 0.008974358974353744 , 0 , 0 , 0 , 0 , 0 , 0 , 0.28703595268750026 , 0 , 0 , 0.008534972047962901 , 0 , 0 , 0 , 0 , 0 , 0 , 0 , 0 , 0 , 
158: 0 , 0 , 0.012091356918939257 , 0.23947151114731735 , 0 , 0 , 0 , 
159: 0 , 0.0 , 0.0 , 0.0 , 0.0 , 0 , 0 , 0.0343231887349437 , 0.036888582701799406 , 0.11606391925984609 , 0 , 0.005354020979018053 , 0 , 0 , 0 , 0 , 0 , 0 , 
160: 0 , 0 , 0.0 , 0 , 0.009053566937712284 , 0 , 0 , 0.0 , 0.008110505639333897 , 0 , 0.010087524106212702 , 0 , 0.10952927669341388 , 0 , 0.02460826585337616 , 0 , 0.002425808077625094 , 0 , 0 , 0 , 0 , 
161: 0 , 0 , 0.5548085355155256 , 0 , 0 , 0 , 0 , 
162: 0 , 0 , 0 , 0 , 0 , 0 , 0.0 , 0 , 0.0 , 0.11860465116239667 , 0.0159949489634768 , 0.0037197191612027528 , 0.004030001119444003 , 
163: 0 , 0.027681660899566904 , 0.0 , 0.02043556956850561 , 0 , 0.010144927536224532 , 0.0 , 0 , 0 , 0 , 0.08992148004729485 , 0.01620359338511743 , 0.17362887183846715 , 0 , 0 , 
164: 0 , 0.0 , 0.05826317551040675 , 0 , 0.1608943008283457 , 0.0869286903085207 , 0.17466561762378074 , 0.0 , 0 , 0 , 0.03477373887237131 , 0.0 , 
165: 0 , 0 , 0.007985561708858786 , 0 , 0.024806201550361954 , 0 , 0 , 0 , 0 , 
166: 0 , 0.0 , 0 , 0 , 0 , 0 , 0 , 0 , 0 , 0 , 0 , 0 , 0 , 0.018458197611277757 , 0 , 0.014329556729811864 , 0 , 0 , 0 , 0 , 0 , 0.0016253555465256025 , 
167: 0 , 0 , 0 , 0.0 , 0 , 0 , 0 , 0 , 0.007093156792539656 , 0 , 0 , 0.01820681807405571 , 0 , 0 , 0 , 0 , 0 , 0 , 0 , 0.0950155763239711 , 0 , 0.0023035408713960987 , 0.007704160246513343 , 
168: 0 , 0 , 0 , 0 , 0 , 0.0004897359506998477 , 0 , 0 , 0 , 0.00526454330086403 , 0 , 0 , 0 , 0 , 0 , 0 , 0 , 0.0 , 0 , 0 , 0.0 , 0.0 , 0.00969516988383171 , 0 , 0 , 0 , 
169: 0 , 0.002078965758210678 , 0 , 0.0 , 0.08618581907087956 , 0 , 0 , 0.08289313287279348 , 0.046019787600959414 , 0 , 0.027141490033183245 , 0 , 0 , 
170: 0 , 0.0 , 0 , 0 , 0 , 0 , 0 , 0 , 0.03395669291337063 , 0 , 0 , 0 , 0 , 0.0019478156638622515 , 0.001313665878466893 , 0 , 0 , 
171: 0 , 0 , 0 , 0 , 0 , 0 , 0.006975539355362659 , 0 , 0 , 0 , 0.03591879229564817 , 0 , 0 , 0 , 0 , 0 , 0.0018691588785037024 , 0 , 0 , 0.0 , 0 , 0.008285905590886938 , 0 , 
172: 0 , 0.0 , 0.0 , 0.02245789145351904 , 0.2862862862860952 , 0.010937288365159508 , 0.0009280969128561312 , 0 , 0.018485915492947574 , 0 , 
173: 0 , 0 , 0.000875741948038885 , 0 , 0.0029882812499994163 , 0 , 0 , 0 , 0 , 0 , 0 , 0 , 0.030598823122180548 , 0 , 0 , 
174: 0 , 0.0005484711367063234 , 0.0 , 0 , 0.008256298073524623 , 0.003077568720709562 , 0.010919309514246921 , 0.1343910405966664 , 0.005826454879653941 , 0 , 
175: 0 , 0 , 0 , 0 , 0 , 0 , 0 , 0.0 , 0 , 0 , 0 , 0.1565632458232956 , 0.018034976924939876 , 0.014097560975602878 , 0 , 0 , 0 , 0.009556993529114207 , 0.0 , 0 , 0 , 
176: 0 , 0.013982347286538509 , 0.009103641456578382 , 0.0034828928498248364 , 0.0 , 0.0 , 0.002340550029256419 , 0.0 , 0.023539302227777347 , 0.10242424242413896 , 
177: 0 , 0.0 , 0.0003060490596642174 , 0.0 , 0 , 0.0 , 0.0 , 0 , 0 , 0 , 0 , 0 , 0.0 , 0 , 0 , 0 , 0 , 0 , 0 , 0 , 0 , 0 , 0.15014662756583563 , 0 , 0 , 0 , 0 , 0 , 0 , 0 , 0 , 0 , 0 , 0 , 0 , 0 , 0 , 0 , 0 , 0 , 
178: 0 , 0.0 , 0 , 0.18825910931139445 , 0 , 0 , 0 , 0 , 0 , 0 , 0.6099170277233286 , 0.012482037404154475 , 0 , 0 , 0 , 0 , 0 , 
179: 0 , 0.0 , 0.0 , 0.0038986354775819416 , 0.0 , 0 , 0 , 0 , 0 , 0 , 0 , 0.0 , 0 , 0 , 0 , 0 , 0 , 0.023759754737999052 , 0.09271620333012076 , 0 , 0 , 
180: 0 , 0 , 0.0 , 0.0018360685465586555 , 0.006162062236827538 , 0.16749476987436748 , 0.10996989551964761 , 0.006822901216254055 , 0.0 , 0 , 
181: 0 , 0.0 , 0.08773333333325534 , 0 , 0.0 , 0.0 , 0.0 , 0.0 , 0 , 0 , 0 , 0.0031090747580528417 , 
182: 0 , 0.0 , 0 , 0 , 0 , 0.00312805474095753 , 0 , 0 , 0 , 0.0 , 0 , 0 , 0 , 0 , 0 , 0 , 0 , 0 , 0 , 0.2058776680469848 , 0.01691204228009293 , 0.0031715210355980216 , 0 , 0 , 
183: 0 , 0.0 , 0.0 , 0.04807692307670295 , 0 , 0 , 0 , 0 , 0 , 0 , 0 , 0.0 , 0.04950495049480443 , 0.0 , 0 , 0.020754716981127998 , 0 , 0 , 0 , 0 , 0 , 0 , 0 , 
184: 0 , 0.0 , 0.0 , 0 , 0 , 0 , 0 , 0 , 0 , 0.0 , 0 , 0 , 0 , 0 , 0 , 0 , 0 , 0 , 0 , 0 , 0 , 0 , 0.04835349655026502 , 0.0 , 0 , 0 , 0.0 , 0 , 0 , 0 , 0 , 
185: 0 , 0.0 , 0.0 , 0 , 0.0 , 0.0 , 0.0006490134994806689 , 0.0 , 0 , 0 , 0 , 0.0 , 0.019631071247243313 , 
186: 0 , 0.0 , 0.0 , 0 , 0 , 0 , 0 , 0 , 0.023039482308965728 , 0.0 , 0.04396223146221242 , 0.0 , 0.5234559567996567 , 0 , 0.039648185669534146 , 0 , 0.09596871239463299 , 0 , 0 , 
187: 0 , 0 , 0.0 , 0.0 , 0 , 0 , 0 , 0 , 0 , 0.047640052933287075 , 0 , 0 , 0 , 0 , 0 , 0 , 0 , 0 , 0 , 0 , 0 , 0 , 0.0036291054255115137 , 0.031121281464495283 , 0.00015445605725167213 , 0 , 0 , 0 , 0 , 0 , 0 , 0.13970409895673125 , 0 , 0.20236760124602185 , 
188: 0 , 0.0 , 0.0 , 0.0 , 0 , 0 , 0 , 0 , 0 , 0 , 0.005427965425227398 , 0 , 0.03167716629025879 , 0 , 0 , 0 , 0.157317859445441 , 0.0 , 0 , 0 , 
189: 0 , 0.06237696850392422 , 0.05157268347966623 , 0 , 0 , 0 , 0 , 
190: 0 , 0.0 , 0 , 0.04330708661416731 , 0 , 0.05172413793101384 , 0 , 0 , 0 , 0 , 0.0006524114759177551 , 0 , 0 , 0 , 0 , 0 , 0 , 0 , 0 , 0 , 0 , 0 , 0.02519741564966791 , 0 , 0 , 0 , 0.08661257606488677 , 0 , 
191: 0 , 0.0 , 0 , 0 , 0.0020394919810878746 , 0 , 0 , 0 , 0.0026757958525159024 , 0 , 0.0 , 0 , 0 , 0 , 0 , 0 , 0 , 0.6193548386896982 , 0.06357250822440128 , 0 , 0 , 0 , 0 , 0 , 
192: 0 , 0.0006234171050067377 , 0.018509729473172074 , 0 , 0.0 , 0.07038123167052227 , 0.0 , 0.0014707005882799544 , 0 , 0 , 0 , 0.03794037940375291 , 0 , 0.00811139207250727 , 
193: 0 , 0.20568812186312282 , 0 , 0.11744776962164365 , 0.12762533193850042 , 0 , 0 , 0 , 
194: 0 , 0.0 , 0.0 , 0.0 , 0.0 , 0.015450643776820951 , 0 , 0 , 0 , 0 , 0 , 0 , 0 , 0 , 0 , 0 , 0 , 0 , 
195: 0 , 0 , 0.19946135450765023 , 0.011883372734432818 , 0.0 , 0.0 , 0.14999999999994587 , 0.006219765031096676 , 0 , 
196: 0 , 0 , 0 , 0.0 , 0 , 0 , 0 , 0 , 0 , 0 , 0 , 0 , 0 , 0 , 0 , 0 , 0 , 0 , 0 , 0 , 0 , 0.20970578829532321 , 0 , 0 , 0 , 0.0 , 0.007883817427384584 , 0 , 0 , 0 , 0 , 
197: 0 , 0.0 , 0 , 0 , 0 , 0 , 0.028130759530480033 , 0.00037868926179253067 , 0 , 0 , 0 , 0 , 0 , 0.2061548428894032 , 0 , 0.007886298639394551 , 0 , 0 , 
198: 0 , 0.0 , 0.0 , 0.0 , 0.07227989234907124 , 0.007042253521118495 , 0.06312143177880827 , 0 , 0.0 , 0.005661712668079233 , 0 , 0.346653827635828 , 0 , 
199: 0 , 0.0 , 0 , 0.0 , 0.0 , 0.0005406240345998338 , 0.024817518248156114 , 0 , 0 , 0 , 
200: 0 , 0.0 , 0 , 0.0 , 0 , 0 , 0 , 0.0 , 0 , 0 , 0 , 0 , 0 , 0 , 0 , 0 , 0.0 , 0 , 0.4795321637423522 , 0 , 0 , 0 , 
201: 0 , 0.0018633540372664378 , 0.0 , 0.0008243375858681749 , 0 , 0 , 0 , 0 , 0 , 0 , 0 , 0 , 0 , 0.0026818638954058094 , 0 , 0 , 0 , 0 , 0.1661139583960576 , 0 , 0 , 0 , 0 , 0 , 0 , 
202: 0 , 0.0 , 0.0 , 0.0 , 0.0 , 0 , 0 , 0.18893250415322352 , 0 , 0 , 0 , 0 , 0 , 0 , 0.0003383713061131871 , 0 , 0 , 0 , 0 , 0 , 0 , 0 , 0 , 0 , 0.00495049504950338 , 0 , 0 , 0 , 0 , 
203: 0 , 0.0 , 0.0 , 0.0 , 0.0 , 0 , 0 , 0 , 0 , 0 , 0 , 0 , 0 , 0 , 0 , 0 , 0 , 0 , 0 , 0 , 0.002985668789808568 , 0.07699805068224037 , 0 , 0 , 
204: 0 , 0.0 , 0 , 0.0 , 0.682455223525734 , 0 , 0 , 0 , 0 , 
205: 0 , 0.02920560747662333 , 0.017672972272600323 , 0.0 , 0.0 , 0.007051282051280639 , 0.0656224682689268 , 0.29880315346583114 , 0.010340027838535118 , 0.00925290424260794 , 0.01197718631178138 , 0 , 
206: 0 , 0.0 , 0.0 , 0.0 , 0 , 0 , 0 , 0 , 0 , 0 , 0 , 0.003514526710402313 , 0 , 0 , 0 , 0 , 0 , 0 , 0 , 0.007776913676257234 , 0 , 0 , 0 , 0 , 0 , 0 , 0.0663686848164478 , 0 , 0 , 0 , 0 , 0 , 
207: 0 , 0 , 0 , 0 , 0 , 0.0 , 0 , 0 , 0.0 , 0 , 0 , 0 , 0.2757766858822007 , 0 , 0 , 0 , 0.000671176975944837 , 0 , 0 , 0.008679245283017655 , 0.01788134054174624 , 0 , 0 , 
208: 0 , 0 , 0.0 , 0.0 , 0.24858641596830552 , 0 , 0.0 , 0.023217922606914135 , 0 , 0 , 
209: 0 , 0.0 , 0.06999999999974074 , 0 , 0.0 , 0.000394295853321813 , 0.0 , 0 , 0.020195404180990813 , 0 , 0.0 , 0 , 0 , 0 , 0 , 0 , 0 , 0 , 0.05170480775570411 , 0 , 
210: 0 , 0.0 , 0.0 , 0 , 0 , 0 , 0 , 0 , 0.014554411106127096 , 0.003308012741973655 , 0 , 0 , 0 , 0 , 0 , 0 , 0 , 0 , 0.0 , 0 , 0 , 0 , 0 , 0 , 0 , 
211: 0 , 0 , 0 , 0 , 0.2636165577284615 , 0 , 0 , 0 , 0.0 , 0 , 0 , 0 , 0 , 0 , 0 , 0 , 0.0729764606416264 , 0.07707768063510345 , 0 , 0 , 0 , 0 , 
212: 0 , 0.0 , 0.0036584808158403857 , 0 , 0.015572858731914736 , 0 , 0.001347708894878551 , 0 , 0.008929568032136476 , 0 , 0 , 0 , 0.013566289825277054 , 0.0511999999998976 , 0 , 
213: 0 , 0.005056890012641515 , 0.0 , 0.0790433725171206 , 0.022779248374836084 , 0.0022491164185490524 , 0.03250244379274651 , 0.2533899689589064 , 0.0 , 0 , 0 , 0 , 
214: 0 , 0.0 , 0.07979870596691556 , 0.0 , 0 , 0 , 0 , 0 , 0 , 0 , 0 , 0.12194075733381267 , 0.0 , 0.024091381100724115 , 0.051758682101456184 , 0 , 0 , 
215: 0 , 0.0 , 0.0 , 0.0 , 0.0010974080267557094 , 0 , 0 , 0 , 0.003875968992245379 , 0 , 0 , 0 , 0.19645750478711954 , 0 , 0 , 0.0 , 0 , 0 , 0 , 0 , 0.015588803088795565 , 
216: 0 , 0.06980668916834948 , 0.0 , 0 , 0 , 0.03057203389829861 , 0 , 0.005943928937025412 , 0.011906909615720811 , 0.0 , 0 , 0 , 0 , 0 , 0 , 0 , 0 , 0 , 0 , 0 , 0.3112648221342848 , 0 , 0 , 
217: 0 , 0.0 , 0.0 , 0 , 0 , 0 , 0 , 0 , 0.0 , 0 , 0 , 0 , 0.07352941176110149 , 0 , 0 , 0 , 0 , 0 , 0 , 0.005858557678892519 , 0 , 0 , 0 , 0 , 0.08148449139913816 , 0 , 0 , 0 , 0 , 0 , 0 , 0 , 0 , 0.053498823025879126 , 0 , 0 , 0 , 
218: 0 , 0.0 , 0.0 , 0.002262769218109917 , 0 , 0.009416026974673683 , 0 , 0 , 0.11913019027076657 , 0 , 0 , 0.003955696202529689 , 0 , 0 , 0 , 0.0 , 0.010818120351580784 , 
219: 0 , 0 , 0 , 0.02256721835361439 , 0.0 , 0.023858921161820777 , 0.016958525345618213 , 0.04579124579122956 , 0 , 0 , 
220: 0 , 0 , 0.008790032867077737 , 0.010830464549564526 , 0 , 0.0 , 0.0 , 0 , 0 , 0.0 , 0.16786556603768638 , 0.012684707732073832 , 0 , 
221: 0 , 0 , 0.003719719161202465 , 0 , 0.0 , 0.0 , 0.0 , 0.00010628624065565546 , 0 , 0.0029081844619838607 , 0 , 0 , 0.0 , 0 , 0 , 0 , 0 , 0.19685039369820406 , 0.012133418480123724 , 
222: 0 , 0.0 , 0.0007879703197843628 , 0.004439511653716448 , 0.0007443799315168617 , 0.0 , 0 , 0.0028209376259342943 , 0.21090909090892046 , 0 , 0 , 0 , 
223: 0 , 0 , 0.14896551724069443 , 0.3156498673712144 , 0.0031488104493845636 , 0 , 0 , 0 , 
224: 0 , 0.0 , 0.0 , 0.0 , 0.002120890774124724 , 0 , 0 , 0 , 0 , 0 , 0.221133285815977 , 0 , 0.005356903709652232 , 0 , 0 , 0 , 0 , 0.0 , 0 , 
225: 0 , 0 , 0 , 0 , 0 , 0 , 0 , 0.04211698776518177 , 0.09281340638089677 , 0 , 0.015099572435570625 , 0.0563549160671302 , 0 , 
226: 0 , 0.00020013008455492735 , 0.0 , 0.007856259547531929 , 0.020637401647807606 , 0 , 0.0 , 0 , 0 , 0 , 0 , 0 , 0.0 , 0.08982501620208708 , 
227: 0 , 0.0 , 0.0 , 0.0 , 0 , 0.0 , 0.039030159668796534 , 0.10256558753689045 , 0 , 0 , 
228: 0 , 0.09422850412221959 , 0.13254943880272865 , 0.02337383394048656 , 0.04316372447212822 , 0.0 , 0.01636676430928704 , 0.02670365874804153 , 
229: 0 , 0.0007683442182082821 , 0 , 0 , 0 , 0 , 0 , 0 , 0.0005211409512558894 , 0 , 0 , 0 , 0.10456431535226322 , 0 , 0 , 0 , 0 , 
230: 0 , 0.0 , 0 , 0.04335056390975746 , 0 , 0 , 0 , 0.0 , 0 , 0 , 0 , 0.10938399539433778 , 0 , 0 , 0 , 0 , 0 , 
231: 0 , 0 , 0 , 0 , 0 , 0 , 0 , 0.0 , 0 , 0 , 0 , 0 , 0 , 0 , 0 , 0 , 0.02496124031005817 , 0.14423076923072106 , 0 , 0.010467289719624719 , 0 , 0 , 0 , 0.003401652231082697 , 0 , 0 , 0 , 0 , 0.03919950484833959 , 0 , 0 , 0 , 0 , 
232: 0 , 0.0 , 0 , 0.007071757539740444 , 0.0005834305717618469 , 0 , 0.1781296387923831 , 0.007645968489333125 , 0 , 0.008065290446463692 , 
233: 0 , 0 , 0.08121905940590918 , 0.008820798514387279 , 0 , 0.10027718497802138 , 0 , 0 , 0.0 , 0 , 0.023315217391300127 , 0 , 0 , 0.11128650355167602 , 0 , 
234: 0 , 0.0 , 0.0 , 0 , 0 , 0 , 0 , 0 , 0 , 0.030363649353411185 , 0 , 0 , 0 , 0 , 0 , 0.025365259740249446 , 0 , 0.015396413402545345 , 0.006720430107526021 , 0 , 0 , 0 , 0.011018926626909727 , 0 , 
235: 0 , 0.045645212214133035 , 0.029093108947902385 , 0.011862396204031145 , 0.007588922373021362 , 0.004238570996057768 , 0.24134948096851017 , 0.008253968253963887 , 0.0 , 0.10740514075881914 , 
236: 0 , 0.03850967555597418 , 0.09543568464724939 , 0.08061855670101016 , 0.12693319071174244 , 0.0 , 0.014460784313713676 , 0 , 
237: 0 , 0.0 , 0 , 0 , 0 , 0 , 0 , 0 , 0.0 , 0 , 0 , 0 , 0.0 , 0 , 0 , 0 , 0 , 0 , 0 , 0.0065850242841383475 , 0 , 0 , 0.0847857202997152 , 0 , 0 , 0 , 
238: 0 , 0.0 , 0 , 0 , 0 , 0 , 0 , 0 , 0 , 
239: 0 , 0.0076155501708219655 , 0 , 0.00558599205070242 , 0.0 , 0 , 0 , 0 , 0 , 0 , 0.009485484334575493 , 0.005348825305828595 , 0.0 , 0 , 0 , 0 , 
240: 0 , 0.0 , 0 , 0 , 0 , 0 , 0 , 0 , 0.010428022941645528 , 0 , 0 , 0.08473520249218544 , 0 , 0.009484166710569848 , 0.04980079681270587 , 0 , 0 , 0 , 0 , 0 , 0 , 0.06652872831444649 , 0 , 0 , 0 , 0.02414252414252127 , 0 , 
241: 0 , 0.0 , 0.0 , 0 , 0 , 0 , 0.8609693877496112 , 0.0 , 0 , 0.0034267912772572326 , 0.0020178929246744536 , 0 , 
242: 0 , 0.0 , 0 , 0 , 0.0 , 0.0 , 0 , 0.048135464231339374 , 0 , 0.0 , 0.0 , 0 , 0 , 0.20371244297616653 , 0 , 0 , 0.016141186399804656 , 0 , 
243: 0 , 0.0 , 0.005357090866740805 , 0 , 0.007603096758272786 , 0.007182721838775605 , 0.0 , 0.0125469168900737 , 0 , 0 , 0.09802586793732469 , 0.0 , 0 , 0 , 0 , 0 , 
244: 0 , 0 , 0 , 0 , 0 , 0 , 0.12676056337956756 , 0.022366003674411914 , 0.10305958132040059 , 0 , 0 , 0 , 0.007282783078610302 , 0 , 0 , 
245: 0 , 0.0 , 0 , 0.0 , 0 , 0 , 0.01431162571122958 , 0 , 0 , 0.0 , 0 , 0 , 0.0 , 0 , 0 , 0.13766985965690087 , 0.09749303621166522 , 0 , 0 , 0 , 0 , 0.008853039543574451 , 0 , 
246: 0 , 0.0043754811003515835 , 0 , 0 , 0.033792565635516254 , 0 , 0 , 0.005995415270673605 , 0 , 0.0 , 0 , 0 , 0 , 0 , 0 , 0 , 0.0036687943685492354 , 0 , 0.7771664792240564 , 0 , 0 , 
247: 0 , 0 , 0 , 0 , 0 , 0 , 0 , 0.000507136129826788 , 0 , 0.0 , 0 , 0 , 0 , 0 , 0 , 0 , 0 , 0 , 0 , 0 , 0 , 0.009039548022596742 , 0 , 0 , 0 , 0 , 0 , 0 , 0 , 0.0024856299518389888 , 0 , 0 , 0.006029544769368398 , 0 , 0.18927125506024983 , 0 , 0 , 0 , 0 , 
248: 0 , 0.0 , 0.19841269841138617 , 0 , 0 , 0 , 0 , 0 , 0 , 0 , 0.0 , 0 , 0 , 0 , 0.0 , 0 , 0.024574599487486946 , 0 , 0 , 0.016485796561998858 , 0 , 0.07063964073308439 , 0.007287449392707633 , 
249: 0 , 0.15368852459006552 , 0.0 , 0.0 , 0.0 , 0.002839442436756407 , 0.016667580459445875 , 0.11363636363596011 , 0.019158977248701022 , 
250: 0 , 0 , 0 , 0 , 0 , 0.0 , 0 , 0.0 , 0 , 0 , 0 , 0 , 0 , 0 , 0 , 0 , 0 , 0 , 0 , 0 , 0 , 0 , 0 , 0 , 0 , 0 , 0 , 0.0 , 0.17575757575743559 , 0.013593112822834149 , 0.11258741258730011 , 0 , 0 , 0 , 
251: 0 , 0 , 0.0 , 0.0026581243184290583 , 0 , 0.004196642685849746 , 0 , 0.01281161586504414 , 0 , 0 , 0 , 0.021390374331544518 , 0.33943916779726707 , 0 , 0 , 
252: 0 , 0.0 , 0.0 , 0.0 , 0 , 0 , 0 , 0.33082706766088155 , 0 , 0.1686188590207785 , 0.002989780387039036 , 0 , 0.14464119801056333 , 0 , 0 , 0.0 , 0 , 0 , 0 , 0 , 0 , 
253: 0 , 0 , 0.02673350041769499 , 0.0 , 0.6436979615269568 , 0.02559931506848219 , 0 , 
254: 0 , 0.0 , 0.0 , 0 , 0.005344278773663036 , 0 , 0 , 0 , 0 , 0 , 0 , 0 , 0.006069094304386849 , 0 , 0 , 0 , 0.568919894153754 , 0 , 0 , 0 , 0 , 0 , 0 , 0 , 0 , 0 , 0 , 0 , 0 , 0 , 0 , 0 , 0 , 0.07286061241008007 , 0 , 0 , 
255: 0 , 0.0 , 0.02977794891539611 , 0 , 0 , 0 , 0.04905840419857735 , 0.0709992734957592 , 0.03521609878800844 , 0 , 0 , 0.01620715350220528 , 0 , 0 , 0 , 0 , 
256: 0 , 0.0 , 0 , 0.0 , 0.01859504132230856 , 0.0005374754776812586 , 0 , 0 , 0 , 0.03157894736840028 , 0 , 0 , 0 , 0 , 0.0 , 0 , 0 , 0 , 0 , 0 , 0 , 0.10617977528077957 , 0.0111919418018995 , 
257: 0 , 0.004092211158094827 , 0.0 , 0.0262697022766911 , 0.0 , 0.0 , 0.16635548917071255 , 0.0 , 0.01376348821845156 , 
258: 0 , 0.0 , 0 , 0 , 0.04052573932089785 , 0 , 0 , 0.0 , 0 , 0.0 , 0 , 0 , 0 , 0 , 0 , 0.00532386867790004 , 0 , 0 , 0 , 0 , 0.01040953294069068 , 0 , 0 , 0 , 0 , 0.00343800137519858 , 0.3320754716976955 , 
259: 0 , 0 , 0.1142857142856009 , 0.0022816580048162552 , 0.0 , 0.0 , 0.0 , 0 , 0.008956386292833496 , 0.04989757096867382 , 0 , 0 , 0 , 0.13742611045429196 , 
260: 0 , 0.0030529595015569987 , 0.002184661377486131 , 0.0 , 0.0 , 0.0018953752843027002 , 0.005379013571663899 , 0.2934027777772118 , 0.0 , 
261: 0 , 0 , 0 , 0.5382761816486779 , 0 , 0 , 0 , 0 , 
262: 0 , 0.0 , 0.0 , 0 , 0.008133688257909857 , 0.0 , 0.030268991133472582 , 0.4490911251036895 , 0 , 0 , 
263: 0 , 0.0 , 0.0 , 0.0 , 0.0 , 0.010266847066045472 , 0.0 , 0.020807061790660147 , 0.02163807150387673 , 0.0 , 0 , 0 , 0 , 0 , 0 , 0 , 0 , 0 , 0 , 0 , 0 , 0 , 0 , 0 , 
264: 0 , 0 , 0 , 0.0 , 0.0 , 0 , 0 , 0 , 0 , 0.0 , 0 , 0.030576958078001225 , 0 , 0.015607668115202391 , 0.019385808357431415 , 0.049313614734167045 , 0.043956223189958746 , 
265: 0 , 0.0 , 0.003960844225653834 , 0.015544707091464688 , 0 , 0 , 0 , 0 , 0 , 0 , 0.019181585677743227 , 0 , 0.20556534568246973 , 0 , 0 , 
266: 0 , 0.0 , 0.002187499999999474 , 0.0 , 0 , 0 , 0 , 0 , 0 , 0 , 0 , 0.0 , 0 , 0 , 0 , 0 , 0 , 0.006573045619871382 , 0 , 0.0 , 0.6054750402568365 , 0 , 0 , 
267: 0 , 0.0 , 0 , 0 , 0 , 0 , 0 , 0 , 0 , 0.0 , 0 , 0 , 0 , 0 , 0.004644982637143711 , 0 , 0 , 0 , 0 , 0 , 0.029946524064153327 , 0.011214953271026375 , 0 , 0 , 0 , 0 , 
268: 0 , 0 , 0 , 0 , 0 , 0 , 0 , 0.010204331935141118 , 0 , 0.10844964837750028 , 0 , 0.0038482682792719755 , 0 , 0 , 0 , 0 , 0 , 0 , 0 , 0 , 0.2583557951481319 , 0.015323891339675145 , 0.0014855293524679723 , 
269: 0 , 0 , 0 , 0 , 0 , 0 , 0 , 0 , 0 , 0 , 
270: 0 , 0.0 , 0 , 0.0 , 0 , 0 , 0 , 0 , 0.0 , 0 , 0 , 0 , 0 , 0 , 0 , 0.002027027027026676 , 0 , 0 , 0 , 0 , 0 , 0 , 0 , 0 , 0 , 0 , 0 , 0 , 0.0 , 0.15247866720840023 , 0 , 0 , 0 , 0 , 0 , 0 , 0 , 0 , 0 , 0 , 0 , 
271: 0 , 0.0 , 0 , 0.023637473102731912 , 0 , 0.044538431660245764 , 0 , 0.01215012150121228 , 0 , 0 , 0.034787123572163854 , 0.05204207657252585 , 
272: 0 , 0 , 0.0 , 0 , 0 , 0 , 0.004405874499331953 , 0.025092103952977104 , 0 , 0.004005340453938045 , 0 , 0.006584154247704541 , 0.0 , 0 , 0 , 0 , 
273: 0 , 0.0 , 0 , 0 , 0 , 0 , 0 , 0 , 0.0 , 0.013789660874172842 , 0.0 , 0 , 0 , 0.002282459839575184 , 0 , 0 , 0 , 0.010353753235544908 , 0 , 0 , 0 , 0 , 0.06310679611649067 , 0 , 0 , 0 , 0 , 0 , 0 , 0.0016458002703812313 , 
274: 0 , 0.002813787559038821 , 0.053291536049971125 , 0 , 0.007863894139880631 , 0 , 0 , 0 , 0 , 0.0022319033414163504 , 0.02475550122248443 , 0.1719507867029118 , 0 , 
275: 0 , 0.00398464102006738 , 0.0 , 0.3291989664081141 , 0.049084257485917056 , 0.0 , 0.012605955227121496 , 0 , 
276: 0 , 0.0 , 0.48148148146662095 , 0.009321264748446214 , 0 , 0.06133030086925172 , 0 , 0 , 0 , 
277: 0 , 0.0 , 0.0 , 0.0 , 0.13590097573527954 , 0.019031141868507122 , 0 , 0 , 0 , 0 , 0 , 0.22404371584696128 , 0 , 0 , 0.004341272233945465 , 0 , 0 , 0.0 , 0 , 
278: 0 , 0.0007716049382714859 , 0 , 0 , 0 , 0.0 , 0 , 0 , 0 , 0.02274607113315615 , 0.0 , 0.008188478666854288 , 0 , 0 , 0.06520141626025672 , 0 , 0 , 0 , 0 , 0 , 0 , 0 , 0 , 0 , 0 , 0 , 0.02485145957116382 , 0 , 0 , 
279: 0 , 0 , 0.0 , 0.010642579260383872 , 0.0003834796947500895 , 0.0 , 0.0 , 0.0 , 0.0 , 0.0 , 0 , 0.0 , 0 , 0 , 0 , 0 , 0 , 0 , 0.11265073777236712 , 0 , 
280: 0 , 0 , 0 , 0 , 0 , 0 , 0.00262490678598022 , 0 , 0.0021240441801186733 , 0 , 0 , 0 , 0 , 0 , 0.011721611721610188 , 0 , 0 , 0 , 
281: 0 , 0 , 0 , 0 , 0 , 0 , 0 , 0.0 , 0 , 0.0011926848661539906 , 0 , 0 , 0 , 0.21818181817785123 , 0 , 0.0036816765788722917 , 0.033336139405645816 , 0 , 
282: 0 , 0.17637600494721536 , 0 , 0.023809523809405708 , 0.03968709414358034 , 0 , 0 , 0 , 0 , 0.0 , 0 , 0.02816650853889108 , 0 , 0.06579654098183375 , 0.006557487305374934 , 0 , 
283: 0 , 0.0 , 0.0017883755588664737 , 0 , 0.019483394833944744 , 0.0 , 0.0013867876954101192 , 0.0060790273556194045 , 0.12187217365085874 , 0.02504952393123628 , 0 , 0 , 0 , 0.02907580477673332 , 0 , 
284: 0 , 0.0 , 0.0 , 0.0 , 0.4132231404915989 , 0.0 , 0.0 , 0.10980179692080463 , 0.004395179791831632 , 0.021577766269631114 , 
285: 0 , 0.0 , 0.0003132125585707092 , 0.0 , 0.0 , 0.0010427722846021558 , 0 , 0.5834289648827555 , 0 , 0 , 0 , 0 , 0 , 0.004293307891507328 , 0.0 , 
286: 0 , 0 , 0 , 0.015069916855627584 , 0 , 0 , 0.0 , 0 , 0.01345657197226216 , 0 , 0 , 0 , 0.010115606936397913 , 0 , 0 , 0 , 0 , 0.022548583296238486 , 0.042640340282496116 , 0.137563971340783 , 0 , 0 , 
287: 0 , 0.0 , 0 , 0 , 0 , 0 , 0 , 0 , 0.027339642481588048 , 0 , 0.05458340022466755 , 0 , 0 , 0 , 0 , 0.007832665776589849 , 0 , 0 , 0 , 0 , 0.03751512706734696 , 0 , 0 , 0 , 0 , 
288: 0 , 0.015522875816961759 , 0.010479992741128985 , 0 , 0.0 , 0.005776570505105083 , 0 , 0 , 0 , 0 , 
289: 0 , 0 , 0.004170141784813728 , 0 , 0 , 0 , 0 , 0 , 0 , 0 , 0.0008636004737463326 , 0.0 , 0 , 0 , 0 , 0 , 0 , 0 , 0 , 0 , 0 , 0 , 0 , 0.03618321866175923 , 0.0 , 0.00946585530762963 , 0 , 0 , 0 , 
290: 0 , 0.0 , 0 , 0 , 0 , 0 , 0 , 0 , 0 , 0.0 , 0 , 0.05633561643833205 , 0 , 0 , 0.0 , 0 , 0.08968470221874471 , 0.00055386319579057 , 0 , 
291: 0 , 0.0 , 0 , 0 , 0.0008607481623025253 , 0 , 0 , 0.04954555345395284 , 0 , 0.0016127698287980575 , 0 , 0 , 0 , 0 , 0.0907096774192378 , 0 , 
292: 0 , 0.0 , 0 , 0 , 0.001332070333313402 , 0 , 0 , 0.0 , 0 , 0 , 0.0 , 0 , 0.002525890376357312 , 0 , 0.18051575931102784 , 0 , 0 , 0 , 0 , 0 , 0 , 0 , 0.005580265554989319 , 0 , 
293: 0 , 0.0028743891922952598 , 0.004803156359891585 , 0 , 0 , 0 , 0 , 0 , 0 , 0.06810085911850663 , 0 , 0 , 0 , 0.24813988095227837 , 0 , 0 , 0 , 0 , 
294: 0 , 0.0 , 0 , 0 , 0 , 0 , 0 , 0.0 , 0 , 0.0 , 0 , 0 , 0.03630175836639513 , 0.01502592384663485 , 0 , 0 , 0 , 0 , 0 , 0 , 0 , 0.0020267987839203494 , 0 , 0 , 0 , 
295: 0 , 0.04645570312072171 , 0.0 , 0.11587991348689092 , 0.010447273914456122 , 0.020549773151827395 , 0.0 , 0.002011311738196472 , 0 , 0 , 0 , 0 , 0 , 
296: 0 , 0.0 , 0.0 , 0 , 0 , 0.1342322643342236 , 0 , 0 , 0.002886118571370729 , 0.14103641456572755 , 0.020768431983382987 , 0 , 0.07880220646175505 , 
297: 0 , 0.0 , 0.010903426791275372 , 0.00013303621911063814 , 0.0 , 0.0 , 0.0 , 0.0011064278187562944 , 0.0 , 0.0 , 0 , 0 , 0 , 0 , 0 , 
298: 0 , 0.0 , 0 , 0.0004416717274884629 , 0 , 0.0 , 0 , 0 , 0.004765270803879886 , 0.09781383817887625 , 0.08239112912008315 , 0.019976312672714838 , 
299: 0 , 0 , 0.0006189267809616845 , 0.0012357302577376617 , 0.003823178016724881 , 0.0010509327027735146 , 0.0 , 0.0 , 0 , 0.0 , 0 , 0 , 0 , 0 , 0 , 0 , 0 , 0.1182588934532661 , 
300: 0 , 0 , 0 , 0.6060606060299969 , 0 , 0 , 0 , 0 , 0 , 
301: 0 , 0 , 0 , 0 , 0 , 0 , 0 , 0 , 0 , 
302: 0 , 0.0003943373161401486 , 0.0 , 0.0 , 0.0 , 0 , 
303: 0 , 0.0 , 0 , 0 , 0 , 0.002752697643689301 , 0 , 0 , 0 , 0 , 0 , 0 , 0 , 0 , 0.01541207008435247 , 0 , 0 , 0.011160714285664461 , 0 , 0 , 0.09841443411696796 , 0 , 0 , 0 , 0 , 
304: 0 , 0 , 0.010873523750062205 , 0 , 0.18543046357564727 , 0 , 0 , 0 , 0 , 
305: 0 , 0 , 0 , 0 , 0 , 0 , 0 , 0.0012101653892696229 , 0.0 , 0 , 0 , 0.007316118935834383 , 0.019192256341783714 , 0 , 0.012803395980963883 , 0 , 0 , 0 , 0 , 0 , 
306: 0 , 0.0004941796617614081 , 0 , 0 , 0 , 0 , 
307: 0 , 0.0 , 0 , 0 , 0 , 0 , 0 , 0.003957302785731852 , 0.0 , 0 , 0 , 0 , 0 , 0 , 0 , 0 , 0 , 0 , 0.0009283901714425268 , 0 , 0 , 0 , 0.26579461937814997 , 0.1687547169810684 , 0 , 0 , 0 , 0.036596917247896064 , 0 , 0 , 
308: 0 , 0.029246967551250155 , 0 , 0.0 , 0.20176902536713376 , 0 , 0 , 0 , 0 , 
309: 0 , 0.0018907165815835267 , 9.302614034540821e-05 , 0.0032051282051265744 , 0.0 , 0.0 , 0.0197632635806279 , 0.5968468468464734 , 0 , 
310: 0 , 0 , 0 , 0 , 0 , 0 , 0.0 , 0 , 0.33617640940272087 , 0 , 0 , 0 , 0 , 0 , 0 , 0 , 0 , 0.06471494607083492 , 0.0026450462883095384 , 0 , 0 , 0 , 
311: 0 , 0.0 , 0 , 0.0 , 0 , 0 , 0.01945140946735831 , 0 , 0.04157625813675314 , 0.011520737327183408 , 0 , 0 , 0 , 0 , 0 , 0 , 0 , 0 , 0.0008307372793353143 , 0.0 , 0.014583800762836783 , 0.03560221372737171 , 
312: 0 , 0.0 , 0 , 0 , 0 , 0.003310764952241668 , 0 , 0.005781399924695349 , 0.030738916256150068 , 0.7285714285653062 , 0 , 0 , 0 , 0 , 0 , 0.01123677489966892 , 0 , 
313: 0 , 0.0 , 0 , 0 , 0 , 0 , 0 , 0.13602264296113434 , 0.0 , 0.006075541296631163 , 0 , 0 , 0.00019962470555353275 , 0 , 0 , 0 , 0 , 0 , 0.05744207632089501 , 0 , 0 , 0 , 0.008730235716360108 , 
314: 0 , 0 , 0 , 0 , 0 , 0 , 0 , 0 , 0 , 0.07835374274927442 , 0.11014126814825317 , 0 , 0 , 0.0008939455505890098 , 0 , 0 , 0.0 , 0 , 0 , 0 , 0.005700983419638534 , 0 , 0 , 0 , 0 , 0 , 0 , 0 , 0 , 
315: 0 , 0.0 , 0 , 0 , 0.0 , 0 , 0 , 0.03446581859550252 , 0 , 0.12201214733536343 , 0.11419413919403461 , 0 , 
316: 0 , 0.0005377428244940652 , 0 , 0 , 0 , 0 , 0 , 0.0 , 0 , 0 , 0.0 , 0 , 0.027777777777762188 , 0 , 0 , 0.0013772749631084805 , 0 , 0 , 0.004422718808191095 , 0.24716957912864657 , 0 , 0 , 0 , 0 , 0 , 0 , 
317: 0 , 0.0 , 0 , 0.005343437287475629 , 0 , 0 , 0 , 0.009492635024547528 , 0 , 0 , 0.030963302752277436 , 0 , 0.02781113489618201 , 0.2198266281394644 , 0 , 
318: 0 , 0.008828410222368266 , 0.00878469695394075 , 0.039766081871319185 , 0.014307004470933566 , 0 , 0.0010368962239692859 , 0.02640518838788357 , 0 , 0.27917728902895944 , 0 , 0.2074688796594411 , 0 , 
319: 0 , 0.0 , 0 , 0.0 , 0 , 0 , 0.02391027127288897 , 0.0 , 0.2544910179638602 , 0.003571428571396684 , 0.059188880682189755 , 0 , 
320: 0 , 0.0 , 0.005027392845632178 , 0.7935999999957675 , 0.0 , 0.0 , 0 , 0 , 0.0031545741324914677 , 0.1572399272656918 , 0 , 0 , 0 , 
321: 0 , 0.018587669073102882 , 0.29171597633114515 , 0.0019749160019490145 , 0.0 , 0 , 0 , 0.0305951716994418 , 0 , 0 , 0 , 0 , 0.14419064353169775 , 0.0 , 0 , 
322: 0 , 0.0 , 0.0 , 0.28949849170410114 , 0 , 0.004738015607579882 , 0 , 0 , 0 , 0 , 0 , 
323: 0 , 0 , 0 , 0 , 0 , 0 , 0 , 0 , 0.0 , 0 , 0.0 , 0.003936319104265276 , 0 , 0 , 0 , 0 , 0 , 0 , 0 , 0 , 0 , 0 , 0 , 0 , 0.05086306098962376 , 0 , 0.05783582089549241 , 0 , 0 , 0 , 0 , 0.06446832160056892 , 0 , 0 , 0 , 
324: 0 , 0.0 , 0 , 0 , 0 , 0 , 0 , 0 , 0.0 , 0 , 0 , 0.0 , 0 , 0 , 0 , 0 , 0 , 0 , 0 , 0 , 0 , 0 , 0 , 0 , 0 , 0 , 0 , 0.007615091727240005 , 0 , 0.4043057663122114 , 0 , 0.002473886750961614 , 0.0019518996165904664 , 0 , 
325: 0 , 0 , 0 , 0 , 0 , 0 , 0 , 0 , 0 , 0 , 
326: 0 , 0 , 0 , 0 , 0 , 0 , 0 , 0.0 , 0 , 0 , 0.0 , 0 , 0 , 0 , 0 , 0 , 0 , 0 , 0 , 0.020143975751448148 , 0.0646687697160691 , 0 , 0.00747395440132306 , 0.0673758865248046 , 0 , 0 , 0 , 0 , 0.0015003657916597643 , 0 , 
327: 0 , 0.043032786885223856 , 0 , 0 , 0.55002370791801 , 0 , 0 , 0 , 0 , 
328: 0 , 0.02548223651070388 , 0.012507444907676373 , 0.0 , 0.21288058521144085 , 0 , 0.053643452540998435 , 0 , 0 , 0 , 
329: 0 , 0 , 0 , 0.005893637183071188 , 0 , 0 , 0.0 , 0 , 0.0 , 0.008900756564305636 , 0 , 0 , 0 , 0 , 0.0768433939165526 , 0 , 0 , 0 , 
330: 0 , 0 , 0 , 0 , 0 , 0.0007262540851790409 , 0 , 0.0 , 0 , 0 , 0.0 , 0 , 0 , 0 , 0 , 0 , 0 , 0 , 0 , 0 , 0 , 0.0002031746031745516 , 0 , 0 , 0 , 0 , 0 , 0 , 0 , 0 , 0 , 0.00648148148147548 , 0.0044094303016041685 , 0 , 0 , 0 , 0 , 0 , 0 , 0 , 0.0015751338863800668 , 0.16053287329875382 , 
331: 0 , 0.0 , 0 , 0 , 0 , 0 , 0 , 0 , 0 , 0.06040445641268276 , 0.03724394785842346 , 0 , 0 , 0 , 0 , 0 , 0 , 0 , 0.01913662661325503 , 0 , 0 , 0 , 0 , 0 , 0 , 0 , 0 , 0 , 0.000622471210705859 , 0 , 0 , 0 , 0 , 0.3555236728835326 , 0 , 0 , 
332: 0 , 0 , 0.0 , 0 , 0 , 0 , 0 , 0 , 0.10384194695103859 , 0 , 0.29934210526310867 , 0.0 , 0 , 0.0007506662162668431 , 0 , 0 , 0.0 , 0 , 0.0030490538965108403 , 0 , 0.16096841374508766 , 0 , 0 , 
333: 0 , 0.005034495618121055 , 0.021591055134292252 , 0 , 0.0 , 0.004649540857834884 , 0.001937769903664617 , 0.006172724041823728 , 0 , 0 , 0 , 0.036266876909413485 , 0 , 0 , 
334: 0 , 0.0012159110647904257 , 0.0013012573399044712 , 0 , 0.0 , 0 , 0.013574660633428324 , 0.004245582113416523 , 0.0 , 0 , 0.04983333333331672 , 
335: 0 , 0.0 , 0.20574622303710963 , 0 , 0.0 , 0 , 0 , 0 , 0.0029377203290189237 , 0.0 , 0 , 0 , 0 , 0 , 0 , 0 , 0 , 0 , 0 , 0.06493051909411164 , 0 , 0 , 0.010339712208869554 , 0 , 0 , 0 , 0 , 
336: 0 , 0.0 , 0.1848608534322134 , 0.0 , 0.02100163649115243 , 0 , 0 , 0 , 0.013370625554263963 , 0.06860025220678075 , 0.12226534932954256 , 0.0 , 0 , 0 , 
337: 0 , 0.0 , 0.0 , 0.0 , 0 , 0.0006675567423227261 , 0 , 0 , 0 , 0 , 0 , 0 , 0 , 0.0 , 0 , 0 , 0 , 0 , 0.15883645495442822 , 0 , 0 , 
338: 0 , 0.0 , 0 , 0.0030868167202568737 , 0 , 0.0 , 0 , 0 , 0 , 0 , 0.0 , 0 , 0 , 0 , 0 , 0.06573754316720169 , 0.1137573550013744 , 0 , 0 , 
339: 0 , 0.0 , 0 , 0 , 0 , 0.0 , 0 , 0 , 0 , 0.034188034187790685 , 0 , 0 , 0 , 0 , 0 , 0 , 0.0 , 0 , 0 , 0 , 0 , 0 , 0 , 0 , 0 , 0 , 0 , 0 , 0 , 0 , 0 , 0 , 0 , 0 , 0 , 0.017500985415842038 , 0 , 0 , 0 , 0.0037200651011387296 , 0 , 0 , 0.0 , 0 , 0 , 0 , 0 , 0 , 0 , 
340: 0 , 0.0 , 0.0 , 0 , 0 , 0 , 0 , 0 , 0 , 0 , 0.0 , 0 , 0 , 0.29972607111505023 , 0 , 0 , 
341: 0 , 0.0 , 0 , 0 , 0 , 0.0 , 0 , 0 , 0 , 0.006528998078607919 , 0.02065840330533076 , 0.053465480043131924 , 0 , 0 , 0 , 0.3223949337936913 , 0 , 0 , 0.005451713395635799 , 0 , 0 , 0 , 0 , 0 , 
342: 0 , 0.0 , 0.0017713566100660424 , 0.0 , 0 , 0.0 , 0.004630799023321413 , 0 , 0.008065474674408154 , 0 , 0 , 0.03186590725531201 , 0 , 0 , 
343: 0 , 0.0 , 0.0010176007236269895 , 0 , 0 , 0 , 0 , 0 , 0.28953606501829826 , 0.024368061218086896 , 0 , 0 , 0 , 
344: 0 , 0 , 0 , 0 , 0 , 0.0011045994292901255 , 0 , 0 , 0 , 0 , 0 , 0 , 0 , 0.0037931568354227065 , 0 , 0.0 , 0.00345661942620018 , 0 , 0 , 
345: 0 , 0.0 , 0.0023649870621289433 , 0.006749740394595826 , 0.007807300005395347 , 0 , 0.0 , 0 , 0 , 0 , 0.005451713395637512 , 0 , 0 , 0.09921095381755271 , 0.0 , 0 , 
346: 0 , 0.0 , 0 , 0 , 0 , 0 , 0 , 0.0 , 0 , 0.0 , 0 , 0.0 , 0 , 0 , 0 , 0 , 0 , 0 , 0.006626755525431444 , 0 , 0.03735632183905712 , 0 , 0.10528093683139839 , 0 , 
347: 0 , 0 , 0 , 0.01423257318452674 , 0 , 0.0 , 0 , 0.0 , 0.2539993963174411 , 0.03235655885970156 , 0 , 0 , 
348: 0 , 0.016007158480808643 , 0.01883399274106222 , 0 , 0.41430652209028274 , 0 , 0 , 0 , 0 , 0 , 
349: 0 , 0 , 0.0 , 0 , 0 , 0 , 0 , 0.0 , 0 , 0 , 0 , 0 , 0.011558083886400488 , 0.0039351851851841734 , 0 , 0 , 0 , 0.05144300144298288 , 0.2925937755064791 , 0 , 0 , 0 , 0.0 , 
350: 0 , 0 , 0 , 0 , 0 , 0 , 0 , 0.0010489248520264107 , 0 , 0.0 , 0 , 0 , 0 , 0.027113237639517392 , 0 , 0.011820330969259376 , 0 , 0 , 0 , 0 , 0 , 0 , 0 , 0 , 0.030117895710177988 , 0.03391112145183149 , 0 , 0 , 0 , 
351: 0 , 0.0 , 0 , 0 , 0 , 0 , 0 , 0.0015240144333129918 , 0 , 0 , 0 , 0 , 0 , 0 , 0.0 , 0.2660503338462608 , 0.007823562730103402 , 0 , 
352: 0 , 0.0771929824561296 , 0.1321918998782669 , 0 , 0.0 , 0 , 0 , 0 , 0.07418905082455676 , 0 , 0 , 0 , 
353: 0 , 0.0 , 0.0012443438914024804 , 0.637065637057438 , 0.007020280811229407 , 0 , 0.0 , 0.08008008008001327 , 0 , 0.010764126332849388 , 0 , 0 , 0 , 0.010646792653708345 , 0 , 0 , 0 , 
354: 0 , 0.0 , 0 , 0 , 0 , 0 , 0 , 0.0 , 0 , 0.0 , 0 , 0.0 , 0 , 0 , 0 , 0.00924767581622164 , 0 , 0 , 0 , 0 , 0 , 0 , 0 , 0 , 0.16461815798085494 , 0 , 0 , 0.014649923896496143 , 0 , 
355: 0 , 0.0 , 0.044792586054710995 , 0.20227945795557647 , 0.08694386694384887 , 0.0 , 0.0 , 0.4525252525249478 , 0.06019007391758923 , 0.0 , 0 , 
356: 0 , 0 , 0 , 0 , 0.0008588936788727254 , 0 , 0 , 0 , 0.0 , 0 , 0 , 0 , 0.0 , 0 , 0 , 0 , 0.0005637932006538412 , 0 , 0 , 0.0 , 0 , 0.0028284098051534357 , 0 , 0.2605102040813668 , 
357: 0 , 0 , 0.0 , 0 , 0.007811410238523359 , 0.0044191919191910985 , 0 , 0.003501450095492855 , 0 , 0 , 0 , 0.0 , 0.004862799583186194 , 0.0006680664248900869 , 
358: 0 , 0.08606993567890577 , 0.1495732285597904 , 0.13451036133752187 , 0 , 0.0 , 0.0 , 0.08189723320156253 , 0.010092703349280788 , 0 , 
359: 0 , 0.0 , 0.0 , 0.025521651334964368 , 0 , 0.0 , 0 , 0.0 , 0 , 0 , 0 , 0.7792503623922566 , 0 , 0.05164319248808973 , 0.0 , 0.019096117122831425 , 0 , 0 , 0 , 
360: 0 , 0.0 , 0.0 , 0.0012343260188085357 , 0 , 0 , 0 , 0 , 0 , 0 , 0.0 , 0.02680693212773813 , 0.0 , 0 , 0 , 0 , 0 , 0 , 0 , 0.28449848024301694 , 0 , 0 , 0 , 0 , 0 , 0 , 
361: 0 , 0.0 , 0 , 0.07238852017396236 , 0 , 0 , 0 , 0.0 , 0 , 0 , 0.0 , 0 , 0 , 0 , 0 , 0 , 0.07724355365385331 , 0.19459459459434417 , 0 , 0 , 0 , 
362: 0 , 0 , 0.008593133795504755 , 0 , 0 , 0 , 0.0043134435657793254 , 0 , 0 , 0 , 0 , 0.00551987153753328 , 0 , 0.2009016624395579 , 0 , 0 , 
363: 0 , 0 , 0.0 , 0.0 , 0.0 , 0.002009242515571226 , 0.0020098482564559644 , 0 , 0.051383399208809175 , 0 , 0 , 0 , 0 , 0 , 0.04517133956383233 , 0 , 0 , 0 , 0 , 
364: 0 , 0 , 0 , 0 , 0.0 , 0 , 0 , 0.003573749187780405 , 0.01812375580623004 , 0 , 0 , 0.007069767441856081 , 0.018113858539386116 , 0 , 0 , 0 , 0.008304785632712234 , 0.0 , 0.12283894449471602 , 0 , 0 , 0 , 
365: 0 , 0.0 , 0 , 0 , 0 , 0.021255790015434574 , 0 , 0 , 0 , 0.0 , 0 , 0 , 0.001277867337710597 , 0 , 0.031105267521880163 , 0.0 , 0.02568378919278806 , 0 , 0.02794575774234501 , 
366: 0 , 0.0 , 0 , 0.0 , 0.0 , 0.0 , 0.06911408311639616 , 0.01802188371592145 , 0.015230183454479226 , 0 , 0 , 0.13914531133045616 , 0 , 
367: 0 , 0.03955174686868968 , 0.02040816326528629 , 0 , 0.08054474708166728 , 0 , 0.029238329238323254 , 0 , 0 , 0 , 0 , 0 , 0.0022679944743402678 , 0 , 0 , 0 , 0 , 0.005042016806721681 , 0 , 0 , 0 , 0.0 , 0.01130952380952183 , 0.12067840834957562 , 
368: 0 , 0 , 0 , 0.0 , 0.005444537513460683 , 0.04868238557557596 , 0 , 0 , 0.018348623853203214 , 0 , 0 , 0 , 0 , 0.14843320505768517 , 0.024089590718649658 , 
369: 0 , 0.0005330064227272519 , 0 , 0.0 , 0 , 0 , 0.007421660252884502 , 0.0 , 0 , 0.011360946745559142 , 0 , 0.26921739130429584 , 0 , 0 , 0 , 0 , 0 , 
370: 0 , 0 , 0 , 0 , 0 , 0 , 0 , 0.008233910267178526 , 0 , 0 , 0 , 0.02505468283952242 , 0 , 0 , 0 , 0.014933286206587456 , 0 , 0.029264214046816776 , 0.0 , 0 , 0 , 
371: 0 , 0.0 , 0.02951353551800743 , 0.020874103065878846 , 0.12060661953064843 , 0.0 , 0.005505364201015598 , 0.0 , 0.0 , 0.09449999999997853 , 0.0 , 0 , 
372: 0 , 0.0 , 0.0 , 0.00045475216007263115 , 0.0018944177822679837 , 0 , 0.23759672280328267 , 0 , 0 , 0 , 0 , 
373: 0 , 0.0 , 0.06308943089429869 , 0 , 0.0317905563346987 , 0.05340545351841745 , 0.02687478791990944 , 0 , 
374: 0 , 0 , 0 , 0 , 0.0 , 0 , 0 , 0 , 0 , 0 , 0 , 0 , 0.0 , 0 , 0 , 0.002051515842260447 , 0 , 0 , 0 , 0 , 0 , 0 , 0 , 0 , 0 , 0.006401697990481942 , 0.0 , 
375: 0 , 0.0 , 0.0009147609147607247 , 0.31979509696187414 , 0.00021402582578292694 , 0.0003662221137119104 , 0.0003133261529422671 , 0.0 , 0.0 , 0 , 
376: 0 , 0.001683931981175793 , 0 , 0 , 0 , 0 , 0 , 0 , 0.11900584795314677 , 0 , 0 , 0 , 0 , 0 , 0.0050863621913733 , 0 , 0 , 0 , 0.06796628029503365 , 0 , 0 , 
377: 0 , 0.0 , 0.0 , 0.03164131696291258 , 0.011555768565112822 , 0 , 0 , 0.06964474147026155 , 0.06230529595014442 , 0.10966129927814074 , 0 , 0 , 0 , 0 , 0 , 0 , 0 , 0 , 0 , 0 , 0 , 0 , 0 , 0 , 
378: 0 , 0.0 , 0.0 , 0.0017777777777764608 , 0 , 0 , 0 , 0 , 0 , 0 , 0 , 0.010471632511142278 , 0 , 0 , 0 , 0 , 0 , 0 , 0 , 0 , 0 , 0 , 0.15177186493252523 , 0.047101449275357005 , 0 , 0 , 0 , 0 , 0 , 
379: 0 , 0.0 , 0.002478314745972373 , 0.0 , 0.0 , 0 , 0 , 0 , 0 , 0 , 0 , 0.0 , 0 , 0.04017929910347173 , 0 , 0 , 0 , 0 , 0 , 
380: 0 , 0.0006574621959235182 , 0.0 , 0 , 0 , 0 , 0.009752366383016301 , 0 , 0 , 0 , 0.0 , 0.10399831354083715 , 0.03115264797506966 , 0.009536662168239686 , 0.1061971830982924 , 
381: 0 , 0.0040138858754601835 , 0 , 0.2950857575247404 , 0 , 0 , 0 , 0 , 0 , 
382: 0 , 0.005468283953071577 , 0.014044242138273601 , 0 , 0.010288065843579062 , 0.0 , 0.033382525062320804 , 0.0 , 0.0 , 0 , 
383: 0 , 0.0 , 0.0 , 0 , 0.0 , 0 , 0 , 0 , 0.0068816108066747875 , 0 , 0 , 0 , 0 , 0 , 0 , 0.005765765765764035 , 0 , 0 , 0 , 0.09553478712354016 , 0 , 0 , 0 , 0 , 0.14450449169213012 , 0 , 0 , 0 , 
384: 0 , 0.0 , 0.0018616196090595213 , 0.0 , 0 , 0 , 0.0 , 0 , 0 , 0 , 0 , 0.18918918918768532 , 0.0033450143357739485 , 0.003158015617821785 , 
385: 0 , 0.0 , 0.003031068451628774 , 0.0 , 0.0 , 0.0 , 0.21274799493439192 , 0.0 , 0.24164054336405005 , 0.00039591416580874816 , 
386: 0 , 0.0 , 0.0 , 0.0 , 0 , 0 , 0 , 0 , 0 , 0.1295284355392334 , 0.007378517971957743 , 0.03725446806294505 , 0 , 
387: 0 , 0 , 0.0 , 0.0 , 0.0972972972972176 , 0 , 0 , 0 , 0 , 0.057215907127783155 , 0 , 0 , 0 , 0.009972646455434624 , 0 , 0 , 0 , 0 , 0.017454545454542697 , 0 , 0 , 
388: 0 , 0.0 , 0.0 , 0.0 , 0.0005775794171697851 , 0.009037974683542017 , 0.0 , 0.29761904761609503 , 0 , 
389: 0 , 0.0 , 0.0 , 0.0 , 0.023741194886506712 , 0.04310665180222388 , 0.12105062809280481 , 0.0 , 0.05025960539976622 , 0 , 
390: 0 , 0.0 , 0.0005283178360100042 , 0 , 0.03396901072698854 , 0.0 , 0 , 0.14320518643921906 , 0.022582359192318567 , 0.009021935686766056 , 0 , 0 , 0 , 0 , 0.013320382961007049 , 
391: 0 , 0.0 , 0 , 0 , 0.0 , 0 , 0 , 0 , 0.0 , 0 , 0.08551068883593525 , 0 , 0.14457034157633927 , 0.12970944835494752 , 0 , 0 , 0 , 0.01485148514840982 , 0 , 0 , 0 , 0 , 0 , 0.10853180584864631 , 0 , 0 , 
392: 0 , 0.0 , 0.0 , 0.007510618460580906 , 0.0 , 0.0 , 0.6351039260823301 , 0.0300955414012643 , 0.019492159626860982 , 0.1661656190214392 , 0 , 
393: 0 , 0.0 , 0.0 , 0 , 0 , 0 , 0.02777089015619404 , 0 , 0 , 0 , 0.07667685144763808 , 0.0 , 0 , 0 , 0 , 0 , 0 , 
394: 0 , 0.018774620735894147 , 0.0 , 0 , 0 , 0.1274129591702787 , 0.13125451948003825 , 0 , 0 , 0.01168497312455954 , 0 , 0.004720692368212767 , 0 , 0 , 0 , 0 , 0 , 0 , 0 , 
395: 0 , 0.0 , 0.0 , 0 , 0 , 0 , 0 , 0 , 0 , 
396: 0 , 0.0 , 0 , 0 , 0 , 0 , 0 , 0 , 0.0 , 0 , 0 , 0 , 0 , 0 , 0 , 0 , 0 , 0 , 0.014607835792941103 , 0 , 0 , 0 , 0 , 0 , 0 , 0 , 0 , 0 , 0 , 0.020790020790011784 , 0 , 0.10976127771637509 , 0 , 0 , 0 , 0.0022998599176227187 , 0 , 0 , 0 , 0 , 
397: 0 , 0 , 0 , 0 , 0 , 0.004915480427045717 , 0 , 0 , 0.0 , 0.0034281516548989336 , 0 , 0.0018355582524269061 , 0 , 0 , 0 , 0.06894570525701099 , 0 , 0.3732751568037233 , 0 , 
398: 0 , 0.0 , 0.03333333333331613 , 0.0 , 0.0 , 0 , 0 , 0 , 0 , 0 , 0 , 0.0 , 0 , 0 , 0 , 0 , 0 , 0 , 0.016310679611646967 , 0.00782064650677604 , 0 , 0 , 0 , 0 , 0 , 0 , 0 , 0.18617060515892833 , 0 , 0 , 0 , 0 , 0 , 
399: 0 , 0 , 0.0012047438745812803 , 0 , 0 , 0 , 0.0 , 0 , 0 , 0.002853648593557938 , 0 , 0.0 , 0 , 0 , 0 , 0 , 0 , 0 , 0 , 0 , 0 , 0 , 0 , 0 , 0 , 0 , 0 , 0 , 0 , 0 , 0 , 0 , 0 , 0.029664735825821197 , 0 , 0.005425119671756641 , 0.13372801671592446 , 0 , 0 , 0 , 
400: 0 , 0.0 , 0.07295692336692966 , 0.24842767295561974 , 0.0115330589713863 , 0.0 , 0.12126245847167685 , 0.020055290273933137 , 0.49611439229069726 , 0 , 
401: 0 , 0.0 , 0.0 , 0 , 0.0648918469214371 , 0.0037823526233310314 , 0 , 0 , 0 , 0.0 , 0 , 0 , 0.017060367454056456 , 0 , 0 , 0 , 0 , 0.0013821245228376592 , 0 , 0 , 0.11090883629728203 , 
402: 0 , 0.0 , 0.0013424898022406943 , 0 , 0.04651968140361708 , 0.0013219602782407471 , 0.010276140242009275 , 0 , 0.027651421167255583 , 0 , 0.03768465480855249 , 0 , 0.0 , 0 , 0 , 0 , 0 , 0 , 0 , 0 , 0.004213811939132183 , 0 , 0 , 0 , 
403: 0 , 0.0 , 0.0 , 0.0028091405110469794 , 0.0 , 0.08861859252785136 , 0.02611324903792695 , 0.26591760299606315 , 0 , 
404: 0 , 0.0 , 0.0 , 0 , 0 , 0 , 0 , 0 , 0 , 0.0 , 0 , 0 , 0 , 0.0 , 0 , 0 , 0 , 0 , 0 , 0 , 0 , 0.04177215189872565 , 0.11369563499377949 , 0 , 0 , 0 , 0 , 
405: 0 , 0.0 , 0.0 , 0.0 , 0.0 , 0 , 0 , 0.0010569893420232035 , 0 , 0 , 0.0078078788595757126 , 0.36848168809097226 , 0 , 0 , 
406: 0 , 0.0 , 0 , 0 , 0 , 0 , 0.008380824673119742 , 0.0 , 0 , 0 , 0.0 , 0 , 0.0013101008777673022 , 0 , 0 , 0 , 0.1451666666666062 , 0 , 
407: 0 , 0.0 , 0.0006995616080586234 , 0.0003918572072336073 , 0.0 , 0 , 0.003198294243069051 , 0 , 0 , 
408: 0 , 0.0 , 0.0 , 0 , 0 , 0.06781750924775855 , 0 , 0 , 0 , 0 , 0 , 0 , 0 , 0 , 0.0 , 0 , 0 , 0.019812039624066666 , 0 , 0 , 0 , 0 , 0.022438051025182246 , 0.025165865934561552 , 0 , 0 , 0 , 
409: 0 , 0.021065302437535294 , 0.0 , 0 , 0.042525351651911576 , 0 , 0 , 0 , 0.033039647577082935 , 0.011147236414279733 , 0 , 0 , 0 , 0 , 0 , 0 , 0 , 0 , 0 , 0 , 0 , 0 , 0 , 0 , 0 , 0 , 0 , 0.07247363975694836 , 0 , 0 , 0.00161575748249565 , 0 , 0 , 0 , 
410: 0 , 0.0035822839774168665 , 0.004421768707480486 , 0.0 , 0 , 0.02695417789754618 , 0 , 0 , 0 , 0.08579638752050345 , 0.0 , 0 , 0 , 0 , 0.020671834625284845 , 0.0 , 0 , 
411: 0 , 0.0 , 0 , 0 , 0 , 0.06142857142852755 , 0 , 0 , 0.0 , 0 , 0.08333333333228114 , 0 , 0.006486779214051178 , 0 , 
412: 0 , 0 , 0 , 0.0 , 0 , 0.0 , 0 , 0 , 0.0 , 0 , 0 , 0 , 0 , 0.042061101549042045 , 0.14881889763775621 , 0.2144464654560488 , 0 , 0 , 0 , 0.0005418177987146063 , 
413: 0 , 0.0 , 0.0 , 0.0 , 0 , 0.0 , 0 , 0 , 0 , 0.007741935483869581 , 0.0493421052615348 , 0.006979591836733744 , 0.07012195121949576 , 0 , 0.0 , 
414: 0 , 0 , 0 , 0 , 0 , 0 , 0 , 0 , 0.0005171076445746047 , 0.0 , 0.0 , 0 , 0 , 0 , 0.0008150789607739098 , 0 , 0 , 0 , 0 , 0 , 0.07270408163261442 , 0 , 0 , 0 , 0 , 0 , 0.015505697169017377 , 0.03138340833044159 , 0 , 0 , 0.0025207057976224267 , 0 , 0 , 0 , 
415: 0 , 0.0 , 0.07045454545450332 , 0.0 , 0.038152610441759334 , 0.011188627089639011 , 0.0 , 0.09105975508692471 , 
416: 0 , 0.0 , 0 , 0 , 0 , 0 , 0 , 0 , 0.0 , 0 , 0 , 0.0064012290359735415 , 0.02498725140230327 , 0.0056852791878114865 , 0.002022899219160492 , 0 , 0 , 0 , 0 , 0 , 0 , 0 , 0 , 0 , 
417: 0 , 0.0 , 0.08763060330292582 , 0.0 , 0 , 0.018579930548574843 , 0.25095057034114515 , 0.02417582417576514 , 0 , 0.04819915254234451 , 0 , 0 , 0 , 0 , 0 , 
418: 0 , 0 , 0 , 0 , 0 , 0 , 0 , 
419: 0 , 0.0 , 0.0 , 0.0 , 0.0 , 0.005311271130175856 , 0.0 , 0 , 0 , 0.3882636655932948 , 0 , 
420: 0 , 0.0028322244200676967 , 0.0 , 0.002425820948878396 , 0.0024436600597325855 , 0.1889226799372459 , 0.007178750897340999 , 0.19944639784536566 , 0 , 
421: 0 , 0.0 , 0.0 , 0.0035638629283484655 , 0.3369713506136281 , 0.09461269278954874 , 0 , 0 , 0 , 0 , 
422: 0 , 0.0 , 0.001220057749399642 , 0.009752133279152173 , 0.0058521360296495545 , 0.0 , 0.02295974685407033 , 0.18834218048163703 , 
423: 0 , 0.02018348623852848 , 0 , 0 , 0.0 , 0 , 0 , 0 , 0.0 , 0 , 0 , 0 , 0 , 0 , 0 , 0 , 0.05211141060196049 , 0 , 0 , 0 , 0 , 0 , 0 , 0 , 0 , 0 , 0 , 0.36726703210618 , 0 , 0 , 0 , 0 , 
424: 0 , 0.0 , 0 , 0 , 0 , 0 , 0.023621582252313218 , 0.0 , 0.02168174962292269 , 0 , 0.15582010582002337 , 0 , 0.0 , 0.031125672829375655 , 0 , 0 , 0.09865844512954514 , 0 , 0 , 
425: 0 , 0 , 0.05747800586508157 , 0 , 0.05952728333818427 , 0.0 , 0.08595472324283847 , 0.015425763513083644 , 0.040236686390514906 , 0 , 0 , 
426: 0 , 0 , 0 , 0 , 0 , 0.012972972972968297 , 0 , 0.03516998827665636 , 0 , 0.008052970651394539 , 0 , 0.1100726895119218 , 0.01390036817190852 , 0 , 0.20455939480657884 , 0.005770938147378747 , 0 , 0 , 0.07566658659618195 , 
427: 0 , 0.0 , 0.0 , 0.0 , 0.01348170962024385 , 0 , 0 , 0 , 0 , 0 , 0 , 0.23428571428515646 , 0.01230425055927647 , 0 , 0 , 0 , 
428: 0 , 0.0 , 0.014883061658394784 , 0.23166175024559324 , 0.0 , 0.0 , 0.0 , 0.01467272109473491 , 0.00393700787400606 , 0.17447716602638733 , 0 , 
429: 0 , 0.0 , 0 , 0 , 0 , 0 , 0 , 0 , 0.006045212090422645 , 0 , 0.035887187570356936 , 0.0 , 0.0 , 0.058925860323868 , 0 , 0 , 0 , 0 , 0 , 0 , 0 , 0.13124414088650896 , 0 , 0 , 0 , 0 , 
430: 0 , 0 , 0 , 0 , 0.1001900624490657 , 0 , 0 , 0 , 0.0 , 0 , 0 , 0.06380027739249812 , 0.05274932297184676 , 0 , 0 , 0.019749143035209617 , 0 , 0 , 0.04708209693370569 , 0 , 0.007601094557614371 , 0 , 0 , 0.0 , 0 , 
431: 0 , 0.0 , 0 , 0 , 0 , 0 , 0 , 0 , 0.0 , 0 , 0.0 , 0 , 0.0033416875522128712 , 0 , 0 , 0 , 0 , 0 , 0 , 0.07504956103084287 , 0 , 0 , 0 , 0.09295217547640554 , 0 , 0.06952177446050817 , 0 , 
432: 0 , 0 , 0 , 0.3071928071925003 , 0 , 0 , 0 , 0 , 0 , 0 , 
433: 0 , 0.0 , 0.0 , 0.0 , 0 , 0.08575878949706908 , 0 , 0 , 0 , 0 , 0.05504587155952081 , 0 , 0 , 
434: 0 , 0.0 , 0.0 , 0.34977578475179477 , 0.0015576323987537245 , 0.02707068456524618 , 0.013048465729851872 , 0.2900229065918236 , 0.12843182875748696 , 0.0 , 
435: 0 , 0 , 0 , 0 , 0 , 0.005012629221674738 , 0.0 , 0 , 0 , 0 , 0 , 0 , 0.0019445794846858063 , 0 , 0.02061310782240561 , 0.07743881997982112 , 0 , 0 , 0 , 
436: 0 , 0.0 , 0.008303923603898535 , 0 , 0.01463833440651872 , 0 , 0.13096660808426644 , 0.23793859649115132 , 0.3881256133463123 , 
437: 0 , 0.0 , 0 , 0 , 0 , 0 , 0.0 , 0 , 0 , 0 , 0 , 0 , 0 , 0 , 0 , 0 , 0.13971539456659574 , 0.0 , 0.006255725105563964 , 0 , 0.10390223744016536 , 0 , 0.0008186097278120794 , 0 , 0 , 0 , 0 , 0 , 0 , 0 , 0 , 0 , 0 , 0 , 0 , 0 , 
438: 0 , 0.0 , 0.22112731572701896 , 0.09739757794374525 , 0 , 0 , 0 , 0 , 0 , 0 , 0.006035010117170247 , 0.018720507464993333 , 0.03076148405849471 , 0 , 
439: 0 , 0.00792454455402789 , 0 , 0.0 , 0.0 , 0.0 , 0.0 , 0.0009013068949973775 , 0 , 0 , 0 , 0.0 , 0 , 0 , 0 , 0 , 0.07266435986143455 , 0 , 0 , 0 , 
440: 0 , 0.0 , 0.0 , 0.0 , 0.0 , 0.007008864151718887 , 0.09445277361303606 , 0.3361134278537439 , 0.017856540084382158 , 0 , 0 , 0 , 0 , 
441: 0 , 0.0 , 0.0 , 0.04087016694056724 , 0.020214735283223446 , 0.1623411628801214 , 0.37097357944241105 , 0 , 0 , 
442: 0 , 0.0 , 0.0010509721492371247 , 0 , 0 , 0.0038137613221027127 , 0 , 0 , 0 , 0 , 0.0 , 0.039903680770530955 , 0 , 0 , 0 , 0 , 0 , 0.011045029736616785 , 0 , 0 , 0 , 0 , 0.0802969472009392 , 0 , 0 , 0 , 0 , 
443: 0 , 0.005485893416924828 , 0.0 , 0.0 , 0.0 , 0.06341199783811312 , 0.12301587301571555 , 0.013978063135361832 , 0 , 
444: 0 , 0 , 0 , 0 , 0 , 0 , 0 , 
445: 0 , 0 , 0 , 0 , 0 , 0 , 0 , 0 , 0 , 0 , 
446: 0 , 0.0 , 0.0 , 0.11129707112877577 , 0.6626098715303408 , 0 , 
447: 0 , 0.0 , 0 , 0.0 , 0.0 , 0.34192766914631956 , 0 , 
448: 0 , 0.9170940170861788 , 0 , 0 , 0 , 
449: 0 , 0 , 0 , 0 , 0 , 0 , 0 , 
450: 0 , 0 , 0.07526048394034679 , 0.011509013374682228 , 0.016032794352076506 , 0.011517905627481277 , 0.010383017997223208 , 0.0 , 0 , 0.009987824759072622 , 0.1770237875713461 , 
451: 0 , 0.06707317073162211 , 0.4353559483990106 , 0 , 0 , 0 , 
452: 0 , 0.16484810424667173 , 0.10934204976799193 , 0.015598217346582276 , 0.0 , 0 , 0.0 , 0 , 0.1265508684861108 , 0 , 0 , 0.048117245255274714 , 0 , 
453: 0 , 0.20320598963326192 , 0.07059863601916705 , 0.01910828025477409 , 0 , 0 , 
454: 0 , 0 , 0 , 0 , 0 , 0 , 0 , 0 , 
455: 0 , 0.030070827983253914 , 0 , 0 , 0 , 0 , 0 , 
456: 0 , 0.0014459573442577635 , 0.0015502273666796454 , 0.0 , 0 , 0 , 0 , 0 , 0.07243638196014586 , 0.002602974828374914 , 0 , 0 , 
457: 0 , 0 , 0.0 , 0.011849290134690235 , 0.0810004263179757 , 0.23310768195760287 , 0 , 0 , 0 , 
458: 0 , 0.015990325181392106 , 0.0 , 0 , 0 , 0.0014343665254708904 , 0 , 0 , 0.1659221106847291 , 0.0 , 0.0018506618686541768 , 0.09672183557531498 , 0 , 0 , 
459: 0 , 0 , 0 , 0 , 0 , 0 , 0 , 0 , 
460: 0 , 0 , 0 , 0 , 0 , 
461: 0 , 0 , 0 , 0 , 0 , 0 , 0 , 0 , 
462: 0 , 0.0 , 0.0 , 0.0 , 0.08948761125801119 , 0 , 0 , 0 , 0 , 
463: 0 , 0 , 0 , 0 , 0 , 0 , 0 , 
464: 0 , 0 , 0.004541701073491276 , 0.33197532301206845 , 0.0 , 0 , 0 , 0 , 0 , 
465: 0 , 0 , 0 , 0 , 0 , 0.0 , 0.01205673758864798 , 0.23399162178196295 , 0 , 0.531385862927785 , 0 , 0 , 
466: 0 , 0 , 0 , 0 , 0 , 0 , 0 , 0 , 
467: 0 , 0 , 0.04122193595874772 , 0 , 0 , 0 , 0 , 0 , 0 , 
468: 0 , 0.0 , 0.006259672062734737 , 0.03988117146010835 , 0.10787011557508425 , 0.3158909194745296 , 0 , 0 , 0 , 
469: 0 , 0 , 0 , 0 , 0 , 0 , 0 , 0 , 
470: 0 , 0.0 , 0.0 , 0.003563791874552409 , 0.15384615383770076 , 0.0015651571929505372 , 0 , 0 , 0 , 
471: 0 , 0.0 , 0 , 0 , 0.08781645569610327 , 0 , 0 , 0.0 , 0 , 0.1563302466733498 , 0 , 0 , 0.02581351689611207 , 
472: 0 , 0 , 0 , 0 , 0 , 0 , 0.05045579817678055 , 0 , 0 , 0.005958010213730386 , 0.20970388311582747 , 0.04274632777683735 , 
473: 0 , 0 , 0.027850185210553095 , 0 , 0 , 0 , 0 , 0 , 0 , 
474: 0 , 0 , 0 , 0 , 0 , 0 , 
475: 0 , 0 , 0 , 0 , 0 , 
476: 0 , 0 , 0 , 0 , 0 , 0 , 0 , 0 , 
477: 0 , 0.0 , 0.02582073035778794 , 0.45350291909901297 , 0.3495637489442259 , 0.04456848618592316 , 0.039546928699346645 , 
478: 0 , 0 , 0.23039215686265097 , 0 , 0 , 0 , 0 , 0 , 
479: 0 , 0.0 , 0 , 0.0 , 0.0 , 0.0012644889357204799 , 0 , 0 , 0 , 0.007408550702263151 , 0.215730337078211 , 0 , 
480: 0 , 0.0722222222221649 , 0.16752246469827145 , 0.07604192054584932 , 0.002414729852095974 , 0.020121951219507966 , 
481: 0 , 0 , 0 , 0 , 0 , 0 , 0 , 0 , 0 , 
482: 0 , 0 , 0 , 0 , 0 , 0 , 0 , 0 , 0 , 
483: 0 , 0 , 0 , 0 , 0 , 0 , 0 , 0 , 0 , 0 , 
484: 0 , 0 , 0.0 , 0.02828282828263783 , 0.3993115318402778 , 0 , 0.01151807022307165 , 0 , 0 , 0 , 
485: 0 , 0 , 0 , 0 , 0 , 0 , 
486: 0 , 0 , 0 , 0 , 0 , 0 , 0 , 0 , 0 , 
487: 0 , 0 , 0.014147206398307213 , 0.08528754885534837 , 0.10346148933448143 , 0 , 0 , 0 , 
488: 0 , 0.0032601235415230575 , 0.013260439688259493 , 0.05327988338191126 , 0.0 , 0.17534766118829526 , 0.17306993091735967 , 0 , 0 , 0 , 
489: 0 , 0 , 0 , 0 , 0 , 0 , 0 , 
490: 0 , 0 , 0.0 , 0 , 0 , 0 , 0 , 0 , 
491: 0 , 0.0 , 0 , 0.15853658536409604 , 0.026844583987420057 , 0 , 0 , 0 , 0 , 
492: 0 , 0 , 0 , 0 , 0 , 0 , 0 , 0 , 
493: 0 , 0.0 , 0.08053691275113734 , 0.01136711573790352 , 0.04550862581794293 , 0 , 0 , 0 , 
494: 0 , 0.21834565619206842 , 0.06173761513566157 , 0 , 0 , 0 , 0 , 0 , 0 , 
495: 0 , 0.0 , 0 , 0 , 0.07638786084370632 , 0 , 0.049159503747279856 , 0.009122807017540093 , 0 , 0 , 0 , 
496: 0 , 0.0 , 0.14209225700145237 , 0.0 , 0.0 , 0.046434494195659703 , 0.28487654320973 , 0.07267530741109038 , 0.0 , 
497: 0 , 0 , 0.19100801832705896 , 0 , 0 , 0 , 0 , 
498: 0 , 0.0 , 0.0 , 0 , 0.4666666666537037 , 0.0014415234626909146 , 0 , 0 , 0 , 
499: 0 , 0.18975441289314104 , 0.0 , 0 , 0.0 , 0.2043795620437596 , 0 , 0 , 0 , 
