0: 0 , 0 , 0 , 0 , 0 , 0 , 0 , 0 , 0 , 0 , 0.009009009009009009 , 0 , 0 , 0 , 0 , 0.3196223870532704 , 0 , 0 , 0.03870162297128589 , 0.06464250734573947 , 0 , 0 , 0 , 
1: 0 , 0 , 0 , 0 , 0 , 0 , 0.04118616144975288 , 0.49876786594381467 , 0.012232415902140673 , 0 , 
2: 0 , 0 , 0 , 0 , 0 , 0 , 0 , 0 , 0 , 0 , 0 , 0 , 0 , 0 , 0 , 0 , 0 , 0 , 0 , 0 , 0 , 0 , 0.23740083994400374 , 0 , 0 , 0.0021740229536376964 , 0 , 0 , 0 , 0 , 0 , 0 , 
3: 0 , 0 , 0.67 , 0 , 0 , 0 , 0 , 
4: 0 , 0 , 0 , 0 , 0 , 0 , 0 , 0 , 0 , 0 , 0 , 0.003573023671281822 , 0 , 0 , 0 , 0 , 0 , 0 , 0 , 0 , 0 , 0 , 0 , 0 , 0 , 0 , 0 , 0 , 0 , 0 , 0 , 0 , 0.001847424472940665 , 0 , 
5: 0 , 0 , 0 , 0 , 0 , 0 , 0 , 0 , 0 , 0 , 0 , 0 , 0 , 0 , 0 , 0.190316606402681 , 0.07590027700831024 , 0 , 0 , 0 , 
6: 0 , 0 , 0 , 0 , 0 , 0 , 0 , 0 , 0 , 0 , 0 , 0 , 0 , 0 , 0 , 0 , 0 , 0 , 0 , 0 , 0 , 0 , 0.2210690192008303 , 0.014285714285714285 , 0 , 0 , 
7: 0 , 0 , 0 , 0 , 0 , 0 , 0 , 0 , 0 , 0 , 0 , 0 , 0 , 0 , 0 , 0 , 0 , 0 , 0 , 0 , 0.01732098604408504 , 0 , 0 , 0 , 0 , 0 , 0.0012253024965538366 , 0 , 0 , 0 , 0 , 
8: 0 , 0 , 0 , 0 , 0 , 0 , 0 , 0 , 0 , 0 , 0 , 0 , 0 , 0 , 0.0026343519494204425 , 0 , 0.033216783216783216 , 0 , 0 , 
9: 0 , 0 , 0 , 0 , 0 , 0 , 0 , 0 , 0 , 0.022727272727272728 , 0 , 0 , 0.043685586832794956 , 0.19326818675352878 , 0 , 
10: 0 , 0 , 0 , 0 , 0 , 0 , 0 , 0 , 0 , 0 , 0 , 0 , 0 , 0 , 0 , 0 , 0 , 0.24730809308787774 , 0 , 0 , 0.20747663551401868 , 0 , 0 , 
11: 0 , 0 , 0 , 0 , 0.07973421926910298 , 0.011111111111111112 , 0 , 0 , 0 , 0 , 0.03852080123266564 , 0.49921996879875197 , 0.02480292251490098 , 0 , 0 , 
12: 0 , 0 , 0 , 0 , 0 , 0 , 0 , 0 , 0 , 0 , 0 , 0 , 0 , 0 , 0 , 0 , 0 , 0 , 0 , 0 , 0 , 0.028500619578686492 , 0 , 0 , 0 , 0 , 0 , 
13: 0 , 0 , 0 , 0 , 0 , 0 , 0 , 0 , 0 , 0 , 0 , 0 , 0 , 0 , 0.0003672420124862284 , 0 , 0 , 0 , 
14: 0 , 0 , 0 , 0 , 0 , 0 , 0 , 0 , 0 , 0 , 0 , 0.0004107900862659181 , 0.3413318953895929 , 0 , 0 , 0 , 0 , 0 , 0 , 0 , 0 , 0 , 0 , 
15: 0 , 0 , 0 , 0 , 0 , 0 , 0 , 0 , 0 , 0.018072289156626505 , 0 , 0 , 0 , 0 , 0 , 0 , 0 , 0.00909090909090909 , 0 , 0 , 0 , 0 , 
16: 0 , 0 , 0 , 2.8297348538441947e-05 , 0 , 0 , 0 , 0 , 0 , 0 , 0 , 0 , 0 , 0 , 0.465528146742568 , 0 , 0 , 0.008266818700114024 , 
17: 0 , 0 , 0.5167686658506732 , 0 , 0 , 0 , 0 , 0.0011527377521613833 , 0 , 
18: 0 , 0.04475043029259897 , 0 , 0 , 0 , 0.002927971891469842 , 0 , 0.5938253738543174 , 0 , 
19: 0 , 0 , 0 , 0 , 0 , 0 , 0 , 0.146 , 0 , 0 , 0 , 0 , 0 , 0.0010179843909060061 , 0 , 0 , 0 , 0.4584673604541154 , 0 , 0 , 0 , 0.004051565377532229 , 0 , 0 , 0 , 0 , 0 , 0 , 0 , 0 , 
20: 0 , 0 , 0 , 0 , 0 , 0 , 0 , 0 , 0 , 0.5898959881129272 , 0 , 0.023637820512820512 , 0 , 0.0615848406546081 , 0.12218649517684887 , 
21: 0 , 0.0007215007215007215 , 0 , 0 , 0 , 0 , 0 , 0.11413043478260869 , 0 , 0 , 0 , 0 , 0 , 0.01256913021618904 , 0 , 0 , 0 , 0 , 0 , 0 , 0 , 0.37477936850362814 , 0 , 0 , 0 , 
22: 0 , 0 , 0 , 0 , 0.009160864785635764 , 0 , 0.3640625 , 0 , 0 , 0 , 0.0067708333333333336 , 0 , 0 , 0 , 0 , 
23: 0 , 0 , 0 , 0 , 0 , 0 , 0 , 0 , 0 , 0 , 0 , 0.5398413245946878 , 0.08358208955223881 , 0.0023369036027263874 , 0.028639618138424822 , 0 , 0 , 0 , 
24: 0 , 0 , 0 , 0 , 0.0003866976024748647 , 0 , 0 , 0 , 0 , 0 , 0 , 0.0005920663114268798 , 0 , 0 , 0 , 0 , 0 , 
25: 0 , 0 , 0 , 0 , 0 , 0.5582329317269076 , 0 , 0 , 0 , 0 , 0.62778730703259 , 0 , 0.009425878320479864 , 0 , 0.006900630914826498 , 0.08500590318772137 , 
26: 0 , 0 , 0 , 0.34643722964300994 , 0 , 0 , 0 , 0 , 0 , 0 , 
27: 0 , 0 , 0 , 0 , 0 , 0 , 4.144047076374788e-05 , 0 , 0 , 0 , 0 , 0 , 0 , 0 , 0 , 0.0007166435024322446 , 0 , 0 , 0 , 0 , 0 , 0 , 0 , 0 , 0 , 0 , 
28: 0 , 0 , 0 , 0 , 0 , 0 , 0 , 0 , 0 , 0 , 0.001466275659824047 , 0 , 0 , 0 , 0 , 0 , 0 , 0 , 0 , 0 , 0 , 
29: 0 , 0 , 0 , 0 , 0 , 0 , 0 , 0 , 0 , 0 , 0 , 0 , 0 , 0 , 0 , 0 , 0 , 0 , 0 , 0.003089598352214212 , 0 , 0.2527889864704486 , 0 , 0 , 0 , 
30: 0 , 0 , 0 , 0 , 0 , 0.5853658536585366 , 0.46983758700696054 , 0 , 
31: 0 , 0 , 0.0012022843402464682 , 0 , 0 , 0 , 0 , 0 , 0 , 0 , 0 , 0 , 0.11811023622047244 , 0 , 0 , 0 , 0.31664127951256665 , 0 , 0 , 0 , 0 , 0 , 
32: 0 , 0.27564102564102566 , 0 , 0 , 0 , 0 , 0 , 0 , 0 , 0 , 0.004592422502870264 , 0 , 0.07056936647955092 , 0.2949569148184772 , 0 , 
33: 0 , 0 , 0 , 0 , 0 , 0 , 0 , 0.006183745583038869 , 0.012741558717349756 , 0 , 0 , 0 , 0 , 0 , 0.2257419806135705 , 0 , 
34: 0 , 0 , 0 , 0 , 0 , 0 , 0 , 0.004873294346978557 , 0.11379310344827587 , 0 , 0 , 0 , 0 , 0 , 0 , 0 , 0 , 0 , 0 , 0 , 0.00453604181047234 , 
35: 0 , 0 , 0 , 0 , 0 , 0 , 0 , 0 , 0 , 0 , 0.0013723696248856359 , 0 , 0 , 0 , 
36: 0 , 0 , 0 , 0.7803254437869822 , 0 , 0 , 0 , 0 , 0 , 
37: 0 , 0 , 0 , 0 , 0 , 0 , 0 , 0 , 0 , 0 , 0 , 0.32335986824046115 , 0 , 0 , 
38: 0 , 0 , 0.0026533018867924527 , 0 , 0 , 0 , 0 , 0 , 0.4895397489539749 , 0 , 0 , 0 , 0 , 0 , 
39: 0 , 0 , 0 , 0 , 0.2105527638190955 , 0 , 0 , 0.0022222222222222222 , 0 , 0 , 0.1769787063077541 , 0 , 0 , 0 , 0 , 
40: 0 , 0 , 0 , 0 , 0 , 0.022205399949533182 , 0 , 0 , 0 , 0 , 0 , 0.005303281405369572 , 0 , 0.27421301885040394 , 0 , 0 , 0 , 0 , 0 , 
41: 0 , 0 , 0 , 0 , 0 , 0 , 0 , 0 , 0 , 0 , 0 , 0.07754473734847027 , 0 , 0 , 0 , 0 , 0 , 0 , 0 , 0 , 0 , 0 , 0 , 0 , 
42: 0 , 0 , 0 , 0 , 0 , 0 , 0 , 0 , 0 , 0 , 0 , 0 , 0 , 0 , 0 , 0 , 0 , 0 , 0 , 0 , 0.36779324055666 , 0 , 0 , 0 , 0 , 0 , 0 , 
43: 0 , 0 , 0 , 0 , 0 , 0 , 0 , 0 , 0 , 0.008415147265077139 , 0 , 0 , 0 , 0 , 0 , 0 , 0 , 0 , 0 , 0 , 0 , 0 , 0 , 0 , 0.45471450448479545 , 0 , 0 , 0.0075440067057837385 , 0 , 0 , 
44: 0 , 0 , 0.08653846153846154 , 0 , 0 , 0.005069280162216965 , 0 , 0 , 0.33639705882352944 , 0 , 0 , 0 , 
45: 0 , 0 , 0 , 0 , 0 , 0 , 0 , 0.19602977667493796 , 0 , 0 , 0 , 0 , 0 , 0 , 0 , 0 , 0 , 0 , 0 , 0 , 0.010339402112834345 , 0 , 0 , 0 , 0.0026595744680851063 , 0 , 
46: 0 , 0 , 0 , 0 , 0 , 0.08620689655172414 , 0 , 0 , 0.5742913000977518 , 0 , 0 , 0 , 0 , 
47: 0 , 0 , 0 , 0 , 0 , 0 , 0.0012315270935960591 , 0 , 0 , 0.0008333333333333334 , 0 , 0 , 
48: 0 , 0.006163886874546773 , 0.24128686327077747 , 0 , 0 , 0 , 0 , 0 , 0 , 0.00039840637450199205 , 0.4055405925355906 , 0 , 0 , 0 , 0 , 0 , 0.20659340659340658 , 0 , 0 , 
49: 0 , 0 , 0 , 0 , 0 , 0 , 0 , 0 , 0.0008731717965509714 , 0 , 0 , 0 , 0 , 0.5006505334374187 , 0 , 0 , 
50: 0 , 0 , 0 , 0 , 0 , 0 , 0 , 0 , 0.00817641228939544 , 0.17414506643432803 , 0 , 0.09104493542533888 , 0 , 
51: 0 , 0 , 0 , 0 , 0 , 0 , 0 , 0 , 0.00796812749003984 , 0 , 0 , 0 , 0 , 0 , 0 , 0 , 0 , 0 , 0 , 0 , 0 , 0 , 0 , 
52: 0 , 0 , 0 , 0 , 0 , 0 , 0 , 0 , 0 , 0 , 0 , 0 , 0.00034153005464480874 , 0 , 0 , 0 , 0 , 0 , 0 , 0 , 0.0011574074074074073 , 0 , 
53: 0 , 0 , 0 , 0 , 0 , 0 , 0 , 
54: 0 , 0 , 0 , 0 , 0 , 0 , 0 , 0 , 0 , 0.5952248750694059 , 0 , 0 , 0 , 0 , 0 , 
55: 0 , 0 , 0 , 0 , 0 , 0 , 0.001749271137026239 , 0 , 0 , 0 , 0 , 0 , 0 , 0 , 0 , 0.011650485436893204 , 0.00943122460824144 , 0 , 0 , 0 , 
56: 0 , 0 , 0 , 0 , 0 , 0 , 0 , 0 , 0.2614929449248976 , 0 , 0 , 0 , 0 , 0 , 0 , 0.006831767719897523 , 0 , 0.34797891036906853 , 0 , 0.0033582089552238806 , 0 , 
57: 0 , 0 , 0 , 0 , 0.015384615384615385 , 0 , 0 , 0 , 0 , 0.0007494379215588309 , 0 , 0 , 0 , 0 , 0.26022304832713755 , 0 , 0 , 0 , 0 , 
58: 0 , 0 , 0 , 0 , 0 , 0 , 0 , 0 , 0 , 0 , 0 , 0 , 0.35664776307498425 , 0 , 0 , 0 , 0.012121212121212121 , 0 , 0 , 0 , 0 , 
59: 0 , 0 , 0 , 0.08491343775762572 , 0.26736394835757477 , 0 , 0 , 0 , 
60: 0 , 0 , 0 , 0 , 0 , 0 , 0 , 0 , 0 , 0 , 0 , 0 , 0 , 0 , 0 , 0 , 0 , 0.013548150860490663 , 0 , 0.3318044817193028 , 0 , 0 , 0 , 0 , 
61: 0 , 0 , 0 , 0 , 0.17857585139318885 , 0.32085561497326204 , 0.010854816824966078 , 0.021477383664171817 , 
62: 0 , 0 , 0 , 0 , 0 , 0 , 0 , 0 , 0 , 0 , 0 , 0.32682545880515423 , 0 , 0 , 0.07467532467532467 , 0 , 0 , 0 , 0 , 0 , 0 , 
63: 0 , 0 , 0 , 0.0015128593040847202 , 0 , 0.40443735498839906 , 0 , 0 , 
64: 0 , 0 , 0 , 0 , 0 , 0.015988238537168062 , 0 , 0.002653927813163482 , 0.006654567453115548 , 0 , 0 , 0.06580663864328164 , 0 , 0 , 0.03065373787926181 , 0 , 
65: 0 , 0 , 0 , 0 , 0 , 0 , 0 , 0 , 0 , 0 , 0 , 0 , 0 , 0 , 0 , 0 , 0 , 0 , 0 , 0 , 0 , 0 , 0 , 0 , 0.577520474442248 , 0 , 0 , 0 , 0.013395457192778102 , 0.14157706093189965 , 0 , 0 , 
66: 0 , 0 , 0 , 0 , 0 , 0 , 0 , 0 , 0 , 0 , 0.35364635364635366 , 0 , 0 , 0 , 0.7026239067055393 , 0.004375303840544483 , 0 , 0.003486345148169669 , 0 , 0 , 
67: 0 , 0 , 0 , 0 , 0 , 0.000722543352601156 , 0 , 0 , 0 , 0 , 0 , 0 , 0 , 0.5812300035549236 , 0 , 0 , 0 , 0.05718866916087654 , 0.00018751953328471714 , 0 , 
68: 0 , 0 , 0 , 0 , 0 , 0 , 0 , 0 , 0 , 0 , 0 , 0 , 0 , 0 , 0 , 0 , 0 , 0.10166400729427855 , 0 , 0 , 0 , 0 , 
69: 0 , 0 , 0 , 0.5655737704918032 , 0 , 0.0007466401194624191 , 0.3855903935957305 , 0 , 0 , 0.05327868852459016 , 
70: 0 , 0 , 0 , 0 , 0 , 0 , 0 , 0 , 0 , 0 , 0 , 0 , 0 , 0 , 0 , 0 , 0.00034352456200618345 , 0 , 0 , 0 , 0 , 0 , 0 , 0 , 0 , 0 , 0 , 
71: 0 , 0 , 0 , 0 , 0 , 0 , 0 , 0 , 0 , 0 , 0 , 0 , 0 , 0 , 0.28988149498632637 , 0 , 0 , 0.03076923076923077 , 0.2398190045248869 , 
72: 0 , 0 , 0 , 0 , 0 , 0 , 0 , 0 , 0 , 0 , 0 , 0 , 0 , 0 , 0.3218151540383014 , 0 , 0 , 0 , 0 , 0 , 0 , 0 , 0 , 0 , 
73: 0 , 0 , 0.2878103837471783 , 0.00040617384240454913 , 0 , 0.25679012345679014 , 0 , 
74: 0 , 0 , 0.22525107604017217 , 0 , 0 , 0 , 0 , 0.3003194888178914 , 0 , 0.14591886437965346 , 0 , 0 , 0.39438085327783556 , 0 , 
75: 0 , 0 , 0 , 0 , 0 , 0 , 0 , 0 , 0 , 0 , 0 , 0.23732251521298176 , 0 , 0 , 0 , 0 , 
76: 0 , 0 , 0 , 0 , 0 , 0 , 0 , 0 , 0 , 0 , 0 , 0 , 0 , 0 , 0 , 0 , 0 , 0 , 0.001652892561983471 , 0 , 0 , 0 , 0 , 0 , 0 , 0 , 0 , 0 , 0 , 
77: 0 , 0 , 0 , 0 , 0 , 0 , 2.075593100728533e-05 , 0 , 0 , 0 , 0 , 0 , 0.21525885558583105 , 0 , 0 , 0 , 0 , 0 , 0.0006377551020408163 , 0 , 0 , 0.005494951682321414 , 0 , 0 , 0.012073317967292285 , 0 , 
78: 0 , 0.0025188916876574307 , 0 , 0 , 0 , 0.006053550640279395 , 0 , 0 , 0 , 0.30111801242236025 , 
79: 0 , 0 , 0 , 0 , 0 , 0 , 0.21652421652421652 , 0 , 0 , 0.41869031377899046 , 0.2850035536602701 , 0 , 0 , 0 , 0 , 0 , 0 , 0 , 
80: 0 , 0 , 0 , 0 , 0 , 0 , 0 , 0 , 0 , 0 , 0 , 0.000510073960724305 , 0 , 0 , 0 , 0.27705433318365513 , 0 , 0 , 0 , 0 , 
81: 0 , 0 , 0 , 0 , 0 , 0 , 0 , 0 , 0 , 0 , 0.4173441734417344 , 0 , 0 , 0 , 
82: 0 , 0 , 0 , 0 , 0 , 0 , 0 , 0.019788311090658078 , 0.5001153934918071 , 0 , 0.268598615916955 , 0 , 
83: 0 , 0 , 0 , 0 , 0 , 0 , 0 , 0 , 0 , 0 , 0 , 0 , 0 , 0 , 0.009183027232425586 , 0 , 0 , 0 , 0 , 0.004975124378109453 , 0 , 
84: 0 , 0.49949135300101727 , 0 , 0 , 0 , 0.31758735116142883 , 0.006309148264984227 , 0 , 0.10441767068273092 , 0 , 
85: 0 , 0 , 0 , 0 , 0 , 0 , 0 , 0 , 0 , 0.0033222591362126247 , 0 , 0 , 0 , 0 , 0 , 0 , 0 , 0 , 0 , 0 , 0 , 0 , 0 , 0 , 0 , 0 , 0 , 
86: 0 , 0 , 0 , 0 , 0 , 0 , 0 , 0 , 0 , 0 , 0 , 0.017994858611825194 , 0 , 0 , 0.0015625 , 0 , 0 , 0 , 0 , 0 , 0 , 0 , 0 , 0 , 0 , 0 , 0 , 0 , 0.014029995162070633 , 0 , 
87: 0 , 0 , 0 , 0 , 0 , 0 , 0.0009424400305848463 , 0 , 0 , 0 , 0 , 0 , 0 , 0 , 0 , 0 , 0 , 0 , 0 , 0 , 0 , 0 , 0 , 0 , 0.0018949648077964266 , 0 , 0 , 0 , 0 , 0.0069502948609941025 , 0 , 0 , 0 , 0 , 0 , 0 , 
88: 0 , 0 , 0 , 0 , 0 , 0 , 0 , 0 , 0 , 0 , 0 , 0 , 0 , 0 , 0 , 0 , 0 , 0 , 0 , 0.3188985643680866 , 0 , 0 , 0 , 0 , 0.000691085003455425 , 0 , 
89: 0 , 0 , 0 , 0.03204047217537943 , 0.4380637402285027 , 0.1301398897838067 , 0 , 0 , 0 , 
90: 0 , 0 , 0 , 0 , 0 , 0 , 0 , 0 , 0 , 0.007633587786259542 , 0 , 0 , 0.021806142253681927 , 0 , 0 , 0.015384615384615385 , 0 , 0 , 
91: 0 , 0 , 0 , 0 , 0 , 0 , 0.001208605269518975 , 0 , 0.12191128311997618 , 0 , 0.2554347826086957 , 0 , 
92: 0 , 0 , 0 , 0 , 0 , 0 , 0 , 0 , 0.00014869888475836432 , 0 , 0 , 0 , 0 , 0 , 0 , 0 , 0 , 0 , 0.6495809783667901 , 0 , 0 , 0.45454545454545453 , 0.004494476414499937 , 
93: 0 , 0 , 0 , 0 , 0 , 0 , 0 , 0 , 0 , 0 , 0 , 0 , 0 , 0 , 0 , 0 , 0 , 0.051821862348178135 , 0.00029850746268656717 , 0 , 
94: 0 , 0 , 0 , 0 , 0 , 0 , 0 , 0 , 0 , 0 , 0 , 0 , 0 , 0 , 0.7806430006697924 , 0 , 0 , 0 , 0 , 0 , 0.051932684722587434 , 0 , 0 , 0 , 
95: 0 , 0 , 0 , 0 , 0 , 0 , 0.000936768149882904 , 0 , 0 , 0 , 0 , 0 , 0 , 0 , 0 , 0 , 0 , 0 , 0 , 0 , 0.03273322422258593 , 0 , 0 , 0.44003807106598986 , 0 , 0 , 0 , 0.027567462628615803 , 0 , 0 , 
96: 0 , 0 , 0 , 0 , 0 , 0 , 0 , 0 , 0 , 0 , 0 , 0 , 0.0014124293785310734 , 0 , 0 , 0 , 0.12829373650107992 , 0 , 0 , 0 , 0 , 0 , 
97: 0 , 0 , 0 , 0 , 0 , 0 , 0 , 0 , 0 , 0 , 0 , 0 , 0 , 0 , 0 , 0 , 0 , 0 , 0 , 0 , 0 , 0 , 0 , 0 , 0.29540722596448254 , 0.00013779798814937303 , 0 , 0 , 0 , 
98: 0 , 0 , 0 , 0 , 0 , 0 , 0.007963594994311717 , 0 , 0 , 0 , 0 , 0.45440729483282677 , 0 , 0 , 0 , 0 , 
99: 0 , 0 , 0 , 0 , 0.3205849268841395 , 0 , 0.6952108276939094 , 0 , 0.0036917397323488694 , 0.33783378337833786 , 0 , 
100: 0 , 0 , 0 , 0 , 0 , 0.004932182490752158 , 0 , 0 , 0 , 0 , 0 , 0 , 0 , 0 , 0.0008368200836820083 , 0 , 0.3932811656772801 , 0 , 0 , 0 , 0 , 
101: 0 , 0 , 0.08571428571428572 , 0 , 0 , 0 , 0 , 0 , 0.1583531274742676 , 0.6142797668609492 , 0 , 0.07692307692307693 , 0 , 0 , 
102: 0 , 0 , 0 , 0 , 0 , 0.0009977550511349464 , 0 , 0 , 0.6868421052631579 , 0 , 0 , 0.006369426751592357 , 0 , 0 , 
103: 0 , 0 , 0 , 0 , 0 , 0 , 0.253752428041674 , 0 , 0.08549222797927461 , 0 , 0 , 0 , 0 , 0 , 0 , 0 , 0 , 0 , 0 , 0 , 0 , 0 , 0 , 0 , 0 , 0 , 0 , 0 , 0 , 0 , 0 , 0 , 0 , 0 , 
104: 0 , 0 , 0.05675318961724593 , 0 , 0 , 0.7489691971865147 , 0 , 0 , 0 , 0 , 0 , 
105: 0 , 0 , 0 , 0 , 0 , 0 , 0 , 0 , 0 , 0 , 0 , 0 , 0.5077138849929874 , 0 , 0 , 0.007451564828614009 , 0 , 0 , 0 , 
106: 0 , 0 , 0 , 0 , 0 , 0 , 
107: 0 , 0 , 0 , 0 , 0 , 0 , 0 , 0 , 0 , 0 , 0 , 0.00211864406779661 , 0 , 0 , 0.01643945469125902 , 0.26563234602726843 , 0.30561619368922405 , 0 , 
108: 0 , 0 , 0 , 0 , 0 , 0 , 0 , 0.0004655493482309125 , 0 , 0.03905579399141631 , 0 , 0 , 0 , 0 , 0 , 0 , 0 , 0 , 0 , 0.3994002181025082 , 0 , 0 , 0 , 0.0012239902080783353 , 0 , 0 , 0 , 0 , 
109: 0 , 0 , 0 , 0 , 0 , 0 , 0 , 0 , 0 , 0 , 0 , 0 , 0 , 0 , 0 , 0 , 0 , 0 , 0 , 0 , 0.14974358974358976 , 0 , 0 , 0 , 0 , 
110: 0 , 0 , 0 , 0 , 0.0037914691943127963 , 0 , 0 , 0 , 0 , 0 , 0 , 0 , 0 , 0.6746554823247454 , 0 , 0 , 0 , 0 , 0 , 0 , 0 , 
111: 0 , 0 , 0 , 0.02555066079295154 , 0 , 0 , 0 , 0 , 0 , 0 , 0 , 0 , 0 , 0 , 0 , 0 , 0 , 0 , 0.003602882305844676 , 0.15655494272380144 , 0 , 0 , 0 , 
112: 0 , 0 , 0 , 0 , 0 , 0 , 0 , 0 , 0 , 0 , 0 , 0 , 0 , 0 , 0 , 0 , 0 , 0 , 0 , 0.04113614103819784 , 0 , 0 , 0 , 0 , 0.0051876716509002135 , 0 , 0 , 0 , 0 , 0 , 0 , 0 , 0 , 
113: 0 , 0 , 0.014646869983948636 , 0 , 0 , 0 , 0 , 0 , 0.19090909090909092 , 0.0650759219088937 , 0 , 0 , 0 , 0.000425531914893617 , 0 , 0.7032772364924712 , 0 , 0 , 0 , 0 , 0 , 
114: 0 , 0 , 0 , 0 , 0.001755926251097454 , 0.3797366299381887 , 0 , 0 , 
115: 0 , 0 , 0 , 0 , 0 , 0 , 0.0025188916876574307 , 0 , 0.219033481774699 , 0.06971904266389178 , 0 , 0 , 0 , 0 , 
116: 0 , 0 , 0 , 0 , 0 , 0 , 0.0014204545454545455 , 0 , 0 , 0 , 0.02525832376578645 , 0 , 0 , 0 , 0 , 0 , 0 , 0 , 
117: 0 , 0 , 0 , 0.1749209694415174 , 0.07098039215686275 , 0.014176018901358535 , 0.07772795216741404 , 0.5827886710239651 , 0 , 0.19389978213507625 , 
118: 0 , 0 , 0 , 0 , 0 , 0 , 0 , 0 , 0 , 0 , 0 , 0 , 0 , 0.05875706214689266 , 0 , 0 , 0 , 0.3574951023441194 , 
119: 0 , 0 , 0 , 0.00034234851078397807 , 0 , 0 , 0.23153814769481845 , 0 , 0.01430722891566265 , 0.014268727705112961 , 0 , 0 , 0 , 0 , 0 , 
120: 0 , 0 , 0 , 0 , 0 , 0 , 0.07666666666666666 , 0 , 0 , 0 , 0 , 0.02346368715083799 , 0.5605946082136558 , 0 , 
121: 0 , 0 , 0 , 0 , 0.06635388739946381 , 0 , 0.003970880211780278 , 0.23699421965317918 , 0.003205128205128205 , 0 , 0 , 0 , 0 , 0 , 0 , 0 , 0.015822784810126583 , 
122: 0 , 0.103125 , 0 , 0 , 0 , 0 , 0 , 0 , 0.12299465240641712 , 0.2401907985843976 , 0 , 0 , 0 , 0 , 0 , 0 , 0 , 0 , 0 , 0.06622516556291391 , 0 , 0 , 
123: 0 , 0 , 0.010183299389002037 , 0.0006720430107526882 , 0.5568611830312686 , 0.009345794392523364 , 0 , 0 , 0 , 
124: 0 , 0.028462998102466792 , 0.3990719257540603 , 0.20385674931129477 , 0.41323210412147504 , 0.06865127582017011 , 0.0043559427504667085 , 0 , 0.4906015037593985 , 
125: 0 , 0 , 0 , 0 , 0 , 0 , 0 , 0.15135135135135136 , 0 , 0 , 0 , 0 , 0.02930005425935974 , 0.23491228070175438 , 0 , 0 , 0 , 
126: 0 , 0 , 0 , 0 , 0 , 0 , 5.9941257567583765e-05 , 0 , 0 , 0 , 0 , 0 , 0.0017765057119593377 , 0 , 0 , 0 , 0.07755102040816327 , 0 , 0 , 0 , 0 , 0 , 0 , 0 , 0 , 0 , 0 , 
127: 0 , 0 , 0 , 0 , 0 , 0 , 0 , 0 , 0 , 0 , 0 , 0 , 0 , 0 , 0 , 0 , 0 , 0.0017395626242544733 , 0 , 0 , 0 , 0 , 0 , 0 , 0 , 0.0013477088948787063 , 0 , 0 , 0.0005977286312014345 , 0 , 0 , 0 , 
128: 0 , 0.45609436435124506 , 0 , 0 , 0 , 0 , 0 , 0 , 0 , 0 , 0 , 0 , 0 , 0 , 0 , 0 , 0.32119751363694027 , 0 , 0 , 0 , 
129: 0 , 0 , 0 , 0 , 0 , 0 , 0 , 0 , 0 , 0 , 0 , 0 , 0 , 0 , 0 , 0.7096126255380201 , 0 , 0 , 0 , 0 , 0 , 0 , 0 , 
130: 0 , 0 , 0.07001603420630678 , 0 , 0 , 0 , 0 , 0 , 0 , 0 , 0 , 0 , 0 , 0 , 0 , 0 , 0 , 0 , 0 , 0.43754130865829477 , 0 , 0 , 0 , 0 , 0 , 0 , 0 , 
131: 0 , 0 , 0 , 0 , 0 , 0.03979460847240052 , 0 , 0.04440258342303552 , 0 , 0 , 0 , 0 , 0 , 0 , 0 , 0 , 0 , 0.01507537688442211 , 0 , 0 , 0 , 0 , 0 , 0 , 
132: 0 , 0 , 0 , 0 , 0 , 0 , 0 , 0 , 0 , 0 , 0 , 0 , 0 , 0 , 0 , 0 , 0 , 0 , 0 , 0 , 0 , 0 , 0 , 0.3493741307371349 , 0 , 0.2948717948717949 , 
133: 0 , 0 , 0 , 0.03609625668449198 , 0 , 0 , 0 , 0 , 0 , 0 , 0.47864985766571777 , 0 , 0 , 
134: 0 , 0 , 0 , 0 , 0 , 0 , 0 , 0 , 0 , 0 , 0 , 0 , 0 , 0.00028661507595299513 , 0 , 0 , 0.008928571428571428 , 0 , 
135: 0 , 0 , 0 , 0 , 0 , 0.017543859649122806 , 0 , 0 , 0 , 0.22007366482504603 , 0 , 0 , 0 , 0 , 0 , 0 , 0 , 
136: 0 , 0 , 0 , 0.38813505837803725 , 0.1524486571879937 , 0.0332541567695962 , 0.313579163008487 , 0 , 
137: 0 , 0 , 0 , 0 , 0 , 0 , 0 , 0 , 0 , 0 , 0 , 0 , 0 , 0 , 0 , 0 , 0 , 0 , 0.0010718113612004287 , 0 , 0 , 0 , 0 , 0 , 0 , 0 , 0 , 0 , 0 , 0 , 0 , 
138: 0 , 0 , 0 , 0 , 0 , 0 , 0 , 0 , 0 , 0 , 0 , 0 , 0 , 0 , 0 , 0 , 0.3177892918825561 , 0 , 0 , 0 , 0.0037593984962406013 , 0 , 0 , 0 , 0 , 
139: 0 , 0.15 , 0 , 0 , 0 , 0 , 0 , 0 , 0 , 0 , 0.46587061129923363 , 0 , 0 , 0 , 0 , 0 , 0 , 0 , 0.007738095238095238 , 0 , 0 , 0 , 0.0014044943820224719 , 0 , 
140: 0 , 0 , 0 , 0 , 0.0009095043201455207 , 0 , 0.16916371560882593 , 0 , 0 , 0.014691478942213516 , 0.02054794520547945 , 0.0005591277606933184 , 0.007623888182973317 , 0.0038910505836575876 , 0 , 
141: 0 , 0 , 0 , 0 , 0 , 0.0005633802816901409 , 0 , 0 , 0 , 0.03150912106135987 , 0 , 0.004830917874396135 , 0.3902439024390244 , 0.021120689655172414 , 
142: 0 , 0 , 0 , 0 , 0 , 0 , 0 , 0 , 0.04162330905306972 , 0.4960301707026598 , 0 , 0 , 0 , 0 , 0 , 0 , 
143: 0 , 0 , 0 , 0 , 0 , 0 , 0 , 0 , 0 , 0 , 0 , 0 , 0.002329916123019571 , 0.3269992082343626 , 0 , 0.013910969793322734 , 0 , 
144: 0 , 0 , 0 , 0 , 0.4132231404958678 , 0 , 0.0007695267410542517 , 0.5663125948406676 , 0 , 0.0199203187250996 , 0 , 0 , 
145: 0 , 0 , 0 , 0 , 0 , 0 , 0 , 0 , 0 , 0.184762348555452 , 0.0005792624058698591 , 0 , 
146: 0 , 0 , 0 , 0 , 0.21105527638190955 , 0 , 0 , 0.014475271411338963 , 0 , 0 , 0 , 0.027479091995221028 , 0 , 0.04251968503937008 , 0.0009137426900584795 , 0 , 0 , 0.11705069124423963 , 0 , 0 , 0 , 0 , 
147: 0 , 0 , 0 , 0 , 0 , 0 , 0 , 0 , 0 , 0 , 0 , 0 , 0 , 0.03420805998125586 , 0 , 0.0007194244604316547 , 0 , 0 , 0.29080496341075407 , 0.05535924617196702 , 
148: 0 , 0 , 0 , 0 , 0 , 0 , 0 , 0 , 0 , 0 , 0 , 0 , 0 , 0 , 0 , 0.007526098567613498 , 0 , 0.0012672381662318301 , 0 , 0 , 0 , 0 , 
149: 0 , 0.3048780487804878 , 0 , 0.0009689922480620155 , 0 , 0.11458333333333333 , 0 , 0 , 0 , 0 , 0 , 0 , 0 , 0.46958322547243075 , 0.008368200836820083 , 0 , 0 , 0 , 
150: 0 , 0 , 0 , 0 , 0 , 0 , 0 , 0 , 0 , 0 , 0 , 0 , 0.001203852327447833 , 0 , 0 , 0.5161458333333333 , 0 , 0 , 0 , 0 , 0 , 0 , 0 , 
151: 0 , 0 , 0 , 0 , 0 , 0 , 0 , 0 , 0 , 0 , 0.0055358410220014195 , 0 , 0 , 0.24213836477987422 , 0 , 0 , 0 , 0 , 0 , 0 , 0 , 0 , 0 , 0 , 0 , 0 , 0 , 
152: 0 , 0 , 0 , 0 , 0 , 0 , 0 , 0 , 0.003371868978805395 , 0 , 0 , 0.00870105655686762 , 0 , 0 , 0 , 0.3829787234042553 , 0 , 0 , 
153: 0 , 0 , 0 , 0.5873898933704219 , 0 , 0 , 0 , 0 , 0 , 0.002205786946931361 , 0 , 0 , 0 , 0.20176405733186328 , 0.11009843237331389 , 0 , 0 , 0 , 0 , 0 , 0 , 0 , 
154: 0 , 0 , 0 , 0 , 0 , 0 , 0 , 0 , 0 , 0 , 0 , 0 , 0 , 0 , 0 , 0.15873452544704264 , 0.003304419661296985 , 0 , 0 , 0 , 0 , 0 , 
155: 0 , 0 , 0.46455696202531643 , 0 , 0 , 0 , 0 , 0 , 
156: 0 , 0.004633204633204633 , 0 , 0 , 0 , 0 , 0 , 0 , 0 , 0 , 0 , 0 , 0.01182355616189177 , 0 , 0 , 0 , 0 , 0 , 0 , 0.003128760529482551 , 0 , 0 , 0 , 0.00045310376076121433 , 0 , 0 , 
157: 0 , 0 , 0 , 0 , 0 , 0 , 0 , 0 , 0 , 0 , 0 , 0 , 0 , 0 , 0 , 0 , 0 , 0 , 0 , 0 , 0 , 0 , 0 , 0.6921154283117473 , 0 , 0 , 0.02620967741935484 , 0 , 0 , 0 , 0 , 0 , 0 , 0 , 0 , 0 , 
158: 0 , 0 , 0.0035971223021582736 , 0.6464552238805971 , 0 , 0 , 0 , 
159: 0 , 0 , 0 , 0 , 0 , 0 , 0 , 0.010363887609396591 , 0.03766751177109743 , 0.3047232097511427 , 0 , 0 , 0 , 0 , 0 , 0 , 0 , 0 , 
160: 0 , 0 , 0 , 0 , 0.001084010840108401 , 0 , 0 , 0 , 0.0006939625260235947 , 0 , 0.044574239163848756 , 0 , 0.11974789915966387 , 0 , 0 , 0 , 0 , 0 , 0 , 0 , 0 , 
161: 0 , 0 , 0.7961134119146225 , 0 , 0 , 0 , 0 , 
162: 0 , 0 , 0 , 0 , 0 , 0 , 0 , 0 , 0 , 0.21679064824654623 , 0.0007407407407407407 , 0.0031416902293433867 , 0.004 , 
163: 0 , 0.24675324675324675 , 0 , 0.2727272727272727 , 0 , 0 , 0 , 0 , 0 , 0 , 0.36988604520829443 , 0.013628620102214651 , 0.004759071980963712 , 0 , 0 , 
164: 0 , 0 , 0.004385564184559159 , 0 , 0.05848309473042949 , 0.2054120541205412 , 0.09748259239421532 , 0 , 0 , 0 , 0.1233644859813084 , 0 , 
165: 0 , 0 , 0.0008972633467922835 , 0 , 0 , 0 , 0 , 0 , 0 , 
166: 0 , 0 , 0 , 0 , 0 , 0 , 0 , 0 , 0 , 0 , 0 , 0 , 0 , 0 , 0 , 0 , 0 , 0 , 0 , 0 , 0 , 0.0002748385323622372 , 
167: 0 , 0 , 0 , 0 , 0 , 0 , 0 , 0 , 0.01875 , 0 , 0 , 0.02526439482961222 , 0 , 0 , 0 , 0 , 0 , 0 , 0 , 0.27585119798234553 , 0 , 0.023870967741935485 , 0 , 
168: 0 , 0 , 0 , 0 , 0 , 0 , 0 , 0 , 0 , 0.0007616146230007616 , 0 , 0 , 0 , 0 , 0 , 0 , 0 , 0 , 0 , 0 , 0 , 0 , 0.01225366346639717 , 0 , 0 , 0 , 
169: 0 , 0 , 0 , 0 , 0.01951219512195122 , 0 , 0 , 0.21501210653753028 , 0 , 0 , 0.005597014925373134 , 0 , 0 , 
170: 0 , 0 , 0 , 0 , 0 , 0 , 0 , 0 , 0.0035733919736118747 , 0 , 0 , 0 , 0 , 0.0006527415143603133 , 0 , 0 , 0 , 
171: 0 , 0 , 0 , 0 , 0 , 0 , 0.04379038047379756 , 0 , 0 , 0 , 0.002044989775051125 , 0 , 0 , 0 , 0 , 0 , 0 , 0 , 0 , 0 , 0 , 0.009150991357397052 , 0 , 
172: 0 , 0 , 0 , 0.03262158956109134 , 0.5365258215962442 , 0 , 0 , 0 , 0.1335676625659051 , 0 , 
173: 0 , 0 , 0.0017667844522968198 , 0 , 0 , 0 , 0 , 0 , 0 , 0 , 0 , 0 , 0.023882588392261508 , 0 , 0 , 
174: 0 , 0 , 0 , 0 , 0.0697211155378486 , 0 , 0.047943411055802986 , 0.615625 , 0 , 0 , 
175: 0 , 0 , 0 , 0 , 0 , 0 , 0 , 0 , 0 , 0 , 0 , 0.005173028897609704 , 0.0010834236186348862 , 0.00142602495543672 , 0 , 0 , 0 , 0.03956043956043956 , 0 , 0 , 0 , 
176: 0 , 0.007989347536617843 , 0.020049352251696483 , 0 , 0 , 0 , 0 , 0 , 0.012355848434925865 , 0.4470119521912351 , 
177: 0 , 0 , 0 , 0 , 0 , 0 , 0 , 0 , 0 , 0 , 0 , 0 , 0 , 0 , 0 , 0 , 0 , 0 , 0 , 0 , 0 , 0 , 0.259024064171123 , 0 , 0 , 0 , 0 , 0 , 0 , 0 , 0 , 0 , 0 , 0 , 0 , 0 , 0 , 0 , 0 , 0 , 
178: 0 , 0 , 0 , 0.2967525195968645 , 0 , 0 , 0 , 0 , 0 , 0 , 0.5491115604698189 , 0 , 0 , 0 , 0 , 0 , 0 , 
179: 0 , 0 , 0 , 0 , 0 , 0 , 0 , 0 , 0 , 0 , 0 , 0 , 0 , 0 , 0 , 0 , 0 , 0.0703883495145631 , 0.407972594207412 , 0 , 0 , 
180: 0 , 0 , 0 , 0 , 0.001145912910618793 , 0.4285280728376328 , 0.03843825665859564 , 0.36716417910447763 , 0 , 0 , 
181: 0 , 0 , 0.20202640466687136 , 0 , 0 , 0 , 0 , 0 , 0 , 0 , 0 , 0.03273254609488295 , 
182: 0 , 0 , 0 , 0 , 0 , 0 , 0 , 0 , 0 , 0 , 0 , 0 , 0 , 0 , 0 , 0 , 0 , 0 , 0 , 0.5625879043600562 , 0.008226691042047532 , 0.0005309264666843643 , 0 , 0 , 
183: 0 , 0 , 0 , 0.011764705882352941 , 0 , 0 , 0 , 0 , 0 , 0 , 0 , 0 , 0.0076045627376425855 , 0 , 0 , 0.016304347826086956 , 0 , 0 , 0 , 0 , 0 , 0 , 0 , 
184: 0 , 0 , 0 , 0 , 0 , 0 , 0 , 0 , 0 , 0 , 0 , 0 , 0 , 0 , 0 , 0 , 0 , 0 , 0 , 0 , 0 , 0 , 0.23986754966887416 , 0 , 0 , 0 , 0 , 0 , 0 , 0 , 0 , 
185: 0 , 0 , 0 , 0 , 0 , 0 , 0 , 0 , 0 , 0 , 0 , 0 , 0.04189700320046552 , 
186: 0 , 0 , 0 , 0 , 0 , 0 , 0 , 0 , 0.07227138643067847 , 0 , 0.03754855416486837 , 0 , 0.29118086696562034 , 0 , 0.040438533429187636 , 0 , 0.27968851395197925 , 0 , 0 , 
187: 0 , 0 , 0 , 0 , 0 , 0 , 0 , 0 , 0 , 0 , 0 , 0 , 0 , 0 , 0 , 0 , 0 , 0 , 0 , 0 , 0 , 0 , 0 , 0.011992619926199263 , 0 , 0 , 0 , 0 , 0 , 0 , 0 , 0 , 0 , 0.42759771873695923 , 
188: 0 , 0 , 0 , 0 , 0 , 0 , 0 , 0 , 0 , 0 , 0.021964796148638485 , 0 , 0.0022172949002217295 , 0 , 0 , 0 , 0.437066974595843 , 0 , 0 , 0 , 
189: 0 , 0.022433718558803536 , 0 , 0 , 0 , 0 , 0 , 
190: 0 , 0 , 0 , 0.11645101663585952 , 0 , 0.00038138825324180017 , 0 , 0 , 0 , 0 , 0 , 0 , 0 , 0 , 0 , 0 , 0 , 0 , 0 , 0 , 0 , 0 , 0.35105204872646734 , 0 , 0 , 0 , 0.49112938122025096 , 0 , 
191: 0 , 0 , 0 , 0 , 0 , 0 , 0 , 0 , 0.0360128617363344 , 0 , 0 , 0 , 0 , 0 , 0 , 0 , 0 , 0.6648648648648648 , 0.054385964912280704 , 0 , 0 , 0 , 0 , 0 , 
192: 0 , 0 , 0.02262802699483922 , 0 , 0 , 0.07079646017699115 , 0 , 0.0002105706464518846 , 0 , 0 , 0 , 0.011267605633802818 , 0 , 0.046747967479674794 , 
193: 0 , 0.008623442989460236 , 0 , 0.10382513661202186 , 0.4761344932988479 , 0 , 0 , 0 , 
194: 0 , 0 , 0 , 0 , 0 , 0 , 0 , 0 , 0 , 0 , 0 , 0 , 0 , 0 , 0 , 0 , 0 , 0 , 
195: 0 , 0 , 0.5448411940678506 , 0 , 0 , 0 , 0.2883968609865471 , 0.0024291497975708503 , 0 , 
196: 0 , 0 , 0 , 0 , 0 , 0 , 0 , 0 , 0 , 0 , 0 , 0 , 0 , 0 , 0 , 0 , 0 , 0 , 0 , 0 , 0 , 0.6113229686124964 , 0 , 0 , 0 , 0 , 0 , 0 , 0 , 0 , 0 , 
197: 0 , 0 , 0 , 0 , 0 , 0 , 0.1511627906976744 , 0 , 0 , 0 , 0 , 0 , 0 , 0.5504643962848297 , 0 , 0.22631578947368422 , 0 , 0 , 
198: 0 , 0 , 0 , 0 , 0 , 0 , 0.025522041763341066 , 0 , 0 , 0.03006739243131156 , 0 , 0.6793211255024565 , 0 , 
199: 0 , 0 , 0 , 0 , 0 , 0 , 0.5883977900552486 , 0 , 0 , 0 , 
200: 0 , 0 , 0 , 0 , 0 , 0 , 0 , 0 , 0 , 0 , 0 , 0 , 0 , 0 , 0 , 0 , 0 , 0 , 0.5474060822898033 , 0 , 0 , 0 , 
201: 0 , 0 , 0 , 0 , 0 , 0 , 0 , 0 , 0 , 0 , 0 , 0 , 0 , 0 , 0 , 0 , 0 , 0 , 0.27188793377905124 , 0 , 0 , 0 , 0 , 0 , 0 , 
202: 0 , 0 , 0 , 0 , 0 , 0 , 0 , 0.11978097193702943 , 0 , 0 , 0 , 0 , 0 , 0 , 0 , 0 , 0 , 0 , 0 , 0 , 0 , 0 , 0 , 0 , 0.027678571428571427 , 0 , 0 , 0 , 0 , 
203: 0 , 0 , 0 , 0 , 0 , 0 , 0 , 0 , 0 , 0 , 0 , 0 , 0 , 0 , 0 , 0 , 0 , 0 , 0 , 0 , 0 , 0.007211310371002941 , 0 , 0 , 
204: 0 , 0 , 0 , 0 , 0.2182672934855608 , 0 , 0 , 0 , 0 , 
205: 0 , 0.028748341441839895 , 0.19908814589665655 , 0 , 0 , 0 , 0.08216328653146125 , 0.27299400433728793 , 0.0002748838615684873 , 0.02298095863427446 , 0.029180093089867527 , 0 , 
206: 0 , 0 , 0 , 0 , 0 , 0 , 0 , 0 , 0 , 0 , 0 , 0 , 0 , 0 , 0 , 0 , 0 , 0 , 0 , 0.006074411541381929 , 0 , 0 , 0 , 0 , 0 , 0 , 0.18624561403508771 , 0 , 0 , 0 , 0 , 0 , 
207: 0 , 0 , 0 , 0 , 0 , 0 , 0 , 0 , 0 , 0 , 0 , 0 , 0.0024804177545691905 , 0 , 0 , 0 , 0 , 0 , 0 , 0 , 0.05273585455393042 , 0 , 0 , 
208: 0 , 0 , 0 , 0 , 0.694259899016742 , 0 , 0 , 0.41308089500860584 , 0 , 0 , 
209: 0 , 0 , 0.15942028985507245 , 0 , 0 , 0 , 0 , 0 , 0.00718132854578097 , 0 , 0 , 0 , 0 , 0 , 0 , 0 , 0 , 0 , 0.23657142857142857 , 0 , 
210: 0 , 0 , 0 , 0 , 0 , 0 , 0 , 0 , 0.010019083969465648 , 0 , 0 , 0 , 0 , 0 , 0 , 0 , 0 , 0 , 0 , 0 , 0 , 0 , 0 , 0 , 0 , 
211: 0 , 0 , 0 , 0 , 0.061068702290076333 , 0 , 0 , 0 , 0 , 0 , 0 , 0 , 0 , 0 , 0 , 0 , 0.032564450474898234 , 0.11521348840839903 , 0 , 0 , 0 , 0 , 
212: 0 , 0 , 0 , 0 , 0.011506276150627616 , 0 , 0.054945054945054944 , 0 , 0.05172413793103448 , 0 , 0 , 0 , 0.10408921933085502 , 0.008403361344537815 , 0 , 
213: 0 , 0.0005771450557906887 , 0 , 0.23123123123123124 , 0.010923535253227408 , 0.0032679738562091504 , 0.052050851523147035 , 0.5328135152696556 , 0 , 0 , 0 , 0 , 
214: 0 , 0 , 0.08528935653581546 , 0 , 0 , 0 , 0 , 0 , 0 , 0 , 0 , 0.1941699604743083 , 0 , 0 , 0.034482758620689655 , 0 , 0 , 
215: 0 , 0 , 0 , 0 , 0 , 0 , 0 , 0 , 0.005970149253731343 , 0 , 0 , 0 , 0.28505800825352334 , 0 , 0 , 0 , 0 , 0 , 0 , 0 , 0.036141445657826315 , 
216: 0 , 0.17938144329896907 , 0 , 0 , 0 , 0.0015060240963855422 , 0 , 0.035541195476575124 , 0.055161544523246654 , 0 , 0 , 0 , 0 , 0 , 0 , 0 , 0 , 0 , 0 , 0 , 0.44439197166469896 , 0 , 0 , 
217: 0 , 0 , 0 , 0 , 0 , 0 , 0 , 0 , 0 , 0 , 0 , 0 , 0.012987012987012988 , 0 , 0 , 0 , 0 , 0 , 0 , 0.0004037141703673799 , 0 , 0 , 0 , 0 , 0.27053381672709087 , 0 , 0 , 0 , 0 , 0 , 0 , 0 , 0 , 0.24791824375473126 , 0 , 0 , 0 , 
218: 0 , 0 , 0 , 0 , 0 , 0.0018266031704612174 , 0 , 0 , 0.3496932515337423 , 0 , 0 , 0 , 0 , 0 , 0 , 0 , 0.061717352415026835 , 
219: 0 , 0 , 0 , 0.0005364087434625185 , 0 , 0.0026841018582243635 , 0.0007473841554559044 , 0.24 , 0 , 0 , 
220: 0 , 0 , 0.0024752475247524753 , 0.06473214285714286 , 0 , 0 , 0 , 0 , 0 , 0 , 0.5104267366385858 , 0.024461482292807594 , 0 , 
221: 0 , 0 , 0 , 0 , 0 , 0 , 0 , 0 , 0 , 0 , 0 , 0 , 0 , 0 , 0 , 0 , 0 , 0.17405063291139242 , 0.2336448598130841 , 
222: 0 , 0 , 0 , 0.02211874272409779 , 0 , 0 , 0 , 0.011131725417439703 , 0.40838044562687065 , 0 , 0 , 0 , 
223: 0 , 0 , 0.20671140939597316 , 0.18482905982905984 , 0.058823529411764705 , 0 , 0 , 0 , 
224: 0 , 0 , 0 , 0 , 0 , 0 , 0 , 0 , 0 , 0 , 0.503183446080382 , 0 , 0 , 0 , 0 , 0 , 0 , 0 , 0 , 
225: 0 , 0 , 0 , 0 , 0 , 0 , 0 , 0 , 0.15859669469411425 , 0 , 0.0018256503879507074 , 0.12110481586402266 , 0 , 
226: 0 , 0 , 0 , 0.031914893617021274 , 0.042105263157894736 , 0 , 0 , 0 , 0 , 0 , 0 , 0 , 0 , 0.35154975530179444 , 
227: 0 , 0 , 0 , 0 , 0 , 0 , 0.10037453183520599 , 0.24275890810585538 , 0 , 0 , 
228: 0 , 0.28421052631578947 , 0.43988565663359674 , 0.0011037527593818985 , 0.0023677979479084454 , 0 , 0.058979456593770706 , 0.00641025641025641 , 
229: 0 , 0 , 0 , 0 , 0 , 0 , 0 , 0 , 0.0012376237623762376 , 0 , 0 , 0 , 0.20287539936102236 , 0 , 0 , 0 , 0 , 
230: 0 , 0 , 0 , 0.028846153846153848 , 0 , 0 , 0 , 0 , 0 , 0 , 0 , 0.47160068846815834 , 0 , 0 , 0 , 0 , 0 , 
231: 0 , 0 , 0 , 0 , 0 , 0 , 0 , 0 , 0 , 0 , 0 , 0 , 0 , 0 , 0 , 0 , 0 , 0.008777563690858489 , 0 , 0 , 0 , 0 , 0 , 0 , 0 , 0 , 0 , 0 , 0.0686084142394822 , 0 , 0 , 0 , 0 , 
232: 0 , 0 , 0 , 0.016563146997929608 , 0 , 0 , 0.36363636363636365 , 0.0196078431372549 , 0 , 0.005263157894736842 , 
233: 0 , 0 , 0.001402524544179523 , 0 , 0 , 0.29672926252953613 , 0 , 0 , 0 , 0 , 0.044707680550248374 , 0 , 0 , 0.16529555149299208 , 0 , 
234: 0 , 0 , 0 , 0 , 0 , 0 , 0 , 0 , 0 , 0.018696728072587297 , 0 , 0 , 0 , 0 , 0 , 0.009781790820165538 , 0 , 0 , 0 , 0 , 0 , 0 , 0 , 0 , 
235: 0 , 0.28771551724137934 , 0.017869415807560136 , 0.15308641975308643 , 0.0005063291139240507 , 0 , 0.43769968051118213 , 0.028621752531924262 , 0 , 0.5415766738660908 , 
236: 0 , 0.11229946524064172 , 0.0028219599794766545 , 0.04401805869074492 , 0.31153287167649824 , 0 , 0.001971830985915493 , 0 , 
237: 0 , 0 , 0 , 0 , 0 , 0 , 0 , 0 , 0 , 0 , 0 , 0 , 0 , 0 , 0 , 0 , 0 , 0 , 0 , 0.01540785498489426 , 0 , 0 , 0.18318619582664528 , 0 , 0 , 0 , 
238: 0 , 0 , 0 , 0 , 0 , 0 , 0 , 0 , 0 , 
239: 0 , 0.006229235880398671 , 0 , 0 , 0 , 0 , 0 , 0 , 0 , 0 , 0.008261886204208885 , 0.02240325865580448 , 0 , 0 , 0 , 0 , 
240: 0 , 0 , 0 , 0 , 0 , 0 , 0 , 0 , 0.02734375 , 0 , 0 , 0.14912280701754385 , 0 , 0 , 0.012861736334405145 , 0 , 0 , 0 , 0 , 0 , 0 , 0.09773434029320302 , 0 , 0 , 0 , 0.018489896387887114 , 0 , 
241: 0 , 0 , 0 , 0 , 0 , 0 , 0.8198970840480274 , 0 , 0 , 0.012437810945273632 , 0.016361886429258902 , 0 , 
242: 0 , 0 , 0 , 0 , 0 , 0 , 0 , 0.0026439482961222094 , 0 , 0 , 0 , 0 , 0 , 0.3320630081300813 , 0 , 0 , 0.04260355029585799 , 0 , 
243: 0 , 0 , 0.011918951132300357 , 0 , 0.003210771620921802 , 0 , 0 , 0 , 0 , 0 , 0.2443917563377713 , 0 , 0 , 0 , 0 , 0 , 
244: 0 , 0 , 0 , 0 , 0 , 0 , 0.3333333333333333 , 0.002572898799313894 , 0.26821428571428574 , 0 , 0 , 0 , 0 , 0 , 0 , 
245: 0 , 0 , 0 , 0 , 0 , 0 , 0.023947750362844702 , 0 , 0 , 0 , 0 , 0 , 0 , 0 , 0 , 0.7456608811748998 , 0.5744421906693712 , 0 , 0 , 0 , 0 , 0.0022734654108476776 , 0 , 
246: 0 , 0 , 0 , 0 , 0.023593466424682397 , 0 , 0 , 0 , 0 , 0 , 0 , 0 , 0 , 0 , 0 , 0 , 0.0007763975155279503 , 0 , 0.47344074640323025 , 0 , 0 , 
247: 0 , 0 , 0 , 0 , 0 , 0 , 0 , 0 , 0 , 0 , 0 , 0 , 0 , 0 , 0 , 0 , 0 , 0 , 0 , 0 , 0 , 0.011048613901165126 , 0 , 0 , 0 , 0 , 0 , 0 , 0 , 0 , 0 , 0 , 0.0001006238679814852 , 0 , 0.133833646028768 , 0 , 0 , 0 , 0 , 
248: 0 , 0 , 0.2605210420841683 , 0 , 0 , 0 , 0 , 0 , 0 , 0 , 0 , 0 , 0 , 0 , 0 , 0 , 0.0016402933230412968 , 0 , 0 , 0.0018050541516245488 , 0 , 0.21867797547709045 , 0.005888125613346418 , 
249: 0 , 0.5104257167680278 , 0 , 0 , 0 , 0 , 0.012385818238117356 , 0.2057074910820452 , 0.1088929219600726 , 
250: 0 , 0 , 0 , 0 , 0 , 0 , 0 , 0 , 0 , 0 , 0 , 0 , 0 , 0 , 0 , 0 , 0 , 0 , 0 , 0 , 0 , 0 , 0 , 0 , 0 , 0 , 0 , 0 , 0.29563086974275216 , 0.036585365853658534 , 0.008415147265077139 , 0 , 0 , 0 , 
251: 0 , 0 , 0 , 0 , 0 , 0.030859049207673062 , 0 , 0 , 0 , 0 , 0 , 0.0045662100456621 , 0.26910986736180326 , 0 , 0 , 
252: 0 , 0 , 0 , 0 , 0 , 0 , 0 , 0.04081632653061224 , 0 , 0.3776536312849162 , 0 , 0 , 0.2513131313131313 , 0 , 0 , 0 , 0 , 0 , 0 , 0 , 0 , 
253: 0 , 0 , 0.014050901378579003 , 0 , 0.3041218311143535 , 0.23138832997987926 , 0 , 
254: 0 , 0 , 0 , 0 , 0.002188183807439825 , 0 , 0 , 0 , 0 , 0 , 0 , 0 , 0.03051025775907417 , 0 , 0 , 0 , 0.8233358643381422 , 0 , 0 , 0 , 0 , 0 , 0 , 0 , 0 , 0 , 0 , 0 , 0 , 0 , 0 , 0 , 0 , 0.5458553791887125 , 0 , 0 , 
255: 0 , 0 , 0 , 0 , 0 , 0 , 0.26300743281875355 , 0.1228595890410959 , 0.1732776617954071 , 0 , 0 , 0.008445945945945946 , 0 , 0 , 0 , 0 , 
256: 0 , 0 , 0 , 0 , 0.001105583195135434 , 0 , 0 , 0 , 0 , 0 , 0 , 0 , 0 , 0 , 0 , 0 , 0 , 0 , 0 , 0 , 0 , 0.3109649122807018 , 0.10793650793650794 , 
257: 0 , 0.04045422285308729 , 0 , 0.024123512383403024 , 0 , 0 , 0.367170626349892 , 0 , 0.02534562211981567 , 
258: 0 , 0 , 0 , 0 , 0.03472882968601332 , 0 , 0 , 0 , 0 , 0 , 0 , 0 , 0 , 0 , 0 , 0.002617801047120419 , 0 , 0 , 0 , 0 , 0.13926940639269406 , 0 , 0 , 0 , 0 , 0.009195402298850575 , 0.5300470783716422 , 
259: 0 , 0 , 0.3846971307120085 , 0.032066508313539195 , 0 , 0 , 0 , 0 , 0.013617021276595745 , 0.05243584975827445 , 0 , 0 , 0 , 0.2978548607941579 , 
260: 0 , 0.016581914658412557 , 0 , 0 , 0 , 0 , 0 , 0.6999364272091545 , 0 , 
261: 0 , 0 , 0 , 0.6282438141219071 , 0 , 0 , 0 , 0 , 
262: 0 , 0 , 0 , 0 , 0 , 0 , 0.008649912331969609 , 0.6027646969466809 , 0 , 0 , 
263: 0 , 0 , 0 , 0 , 0 , 0 , 0 , 0 , 0 , 0 , 0 , 0 , 0 , 0 , 0 , 0 , 0 , 0 , 0 , 0 , 0 , 0 , 0 , 0 , 
264: 0 , 0 , 0 , 0 , 0 , 0 , 0 , 0 , 0 , 0 , 0 , 0 , 0 , 0.0007955449482895784 , 0.02107409925220938 , 0.1699415825809878 , 0.004346566212691973 , 
265: 0 , 0 , 0 , 0.002777777777777778 , 0 , 0 , 0 , 0 , 0 , 0 , 0.0003996802557953637 , 0 , 0.5048602673147023 , 0 , 0 , 
266: 0 , 0 , 0 , 0 , 0 , 0 , 0 , 0 , 0 , 0 , 0 , 0 , 0 , 0 , 0 , 0 , 0 , 0 , 0 , 0 , 0.7912383749388154 , 0 , 0 , 
267: 0 , 0 , 0 , 0 , 0 , 0 , 0 , 0 , 0 , 0 , 0 , 0 , 0 , 0 , 0 , 0 , 0 , 0 , 0 , 0 , 0.09248554913294797 , 0.0018895826487019388 , 0 , 0 , 0 , 0 , 
268: 0 , 0 , 0 , 0 , 0 , 0 , 0 , 0 , 0 , 0.004157043879907622 , 0 , 0 , 0 , 0 , 0 , 0 , 0 , 0 , 0 , 0 , 0.4048492582549051 , 0.4742268041237113 , 0.022222222222222223 , 
269: 0 , 0 , 0 , 0 , 0 , 0 , 0 , 0 , 0 , 0 , 
270: 0 , 0 , 0 , 0 , 0 , 0 , 0 , 0 , 0 , 0 , 0 , 0 , 0 , 0 , 0 , 0.001337270853067365 , 0 , 0 , 0 , 0 , 0 , 0 , 0 , 0 , 0 , 0 , 0 , 0 , 0 , 0.353525980911983 , 0 , 0 , 0 , 0 , 0 , 0 , 0 , 0 , 0 , 0 , 0 , 
271: 0 , 0 , 0 , 0.00773369199731002 , 0 , 0 , 0 , 0.0005002501250625312 , 0 , 0 , 0.17521825700719865 , 0.25170998632010944 , 
272: 0 , 0 , 0 , 0 , 0 , 0 , 0.04717530576587071 , 0.4823529411764706 , 0 , 0.0018459915611814346 , 0 , 0.0020554984583761563 , 0 , 0 , 0 , 0 , 
273: 0 , 0 , 0 , 0 , 0 , 0 , 0 , 0 , 0 , 0.1417910447761194 , 0 , 0 , 0 , 0.005099872503187421 , 0 , 0 , 0 , 0.0018513620735255223 , 0 , 0 , 0 , 0 , 0.39404104183109706 , 0 , 0 , 0 , 0 , 0 , 0 , 0.0013764624913971094 , 
274: 0 , 0.0010737294201861132 , 0 , 0 , 0 , 0 , 0 , 0 , 0 , 0 , 0.03421309872922776 , 0.19548967439503356 , 0 , 
275: 0 , 0 , 0 , 0.4760708303421871 , 0.015988630307337003 , 0 , 0.001507537688442211 , 0 , 
276: 0 , 0 , 0.34615384615384615 , 0.0030923850019327404 , 0 , 0.027918781725888325 , 0 , 0 , 0 , 
277: 0 , 0 , 0 , 0 , 0.010723860589812333 , 0.08298755186721991 , 0 , 0 , 0 , 0 , 0 , 0.1599583622484386 , 0 , 0 , 0.0014245014245014246 , 0 , 0 , 0 , 0 , 
278: 0 , 0 , 0 , 0 , 0 , 0 , 0 , 0 , 0 , 0.0014191106906338694 , 0 , 0 , 0 , 0 , 0.22301675977653632 , 0 , 0 , 0 , 0 , 0 , 0 , 0 , 0 , 0 , 0 , 0 , 0.21958121109224674 , 0 , 0 , 
279: 0 , 0 , 0 , 0.0013008130081300813 , 0 , 0 , 0 , 0 , 0 , 0 , 0 , 0 , 0 , 0 , 0 , 0 , 0 , 0 , 0.331763698630137 , 0 , 
280: 0 , 0 , 0 , 0 , 0 , 0 , 0.00040972411909314397 , 0 , 0.0004385964912280702 , 0 , 0 , 0 , 0 , 0 , 0.11863292803154782 , 0 , 0 , 0 , 
281: 0 , 0 , 0 , 0 , 0 , 0 , 0 , 0 , 0 , 0 , 0 , 0 , 0 , 0.02631578947368421 , 0 , 0.0028411397028979624 , 0.11385199240986717 , 0 , 
282: 0 , 0.25022583559168926 , 0 , 0 , 0.004784688995215311 , 0 , 0 , 0 , 0 , 0 , 0 , 0.0008886255924170616 , 0 , 0.1811135716545397 , 0.11811023622047244 , 0 , 
283: 0 , 0 , 0 , 0 , 0.05263157894736842 , 0 , 0 , 0.0005691519635742744 , 0.3410776075135937 , 0.08745950948634891 , 0 , 0 , 0 , 0.001765051970974701 , 0 , 
284: 0 , 0 , 0 , 0 , 0.3357664233576642 , 0 , 0 , 0.4347993827160494 , 0.0015018484288354898 , 0.0003240440699935191 , 
285: 0 , 0 , 0 , 0 , 0 , 0 , 0 , 0.656498673740053 , 0 , 0 , 0 , 0 , 0 , 0.0007014262333411269 , 0 , 
286: 0 , 0 , 0 , 0.007228915662650603 , 0 , 0 , 0 , 0 , 0 , 0 , 0 , 0 , 0 , 0 , 0 , 0 , 0 , 0.007662835249042145 , 0.10420650095602295 , 0.3547107438016529 , 0 , 0 , 
287: 0 , 0 , 0 , 0 , 0 , 0 , 0 , 0 , 0.1449937681761529 , 0 , 0 , 0 , 0 , 0 , 0 , 0.0010559662090813093 , 0 , 0 , 0 , 0 , 0.13314536340852132 , 0 , 0 , 0 , 0 , 
288: 0 , 0.024498886414253896 , 0.00016615435739802275 , 0 , 0 , 0 , 0 , 0 , 0 , 0 , 
289: 0 , 0 , 0 , 0 , 0 , 0 , 0 , 0 , 0 , 0 , 0 , 0 , 0 , 0 , 0 , 0 , 0 , 0 , 0 , 0 , 0 , 0 , 0 , 0.03173121791880541 , 0 , 0.45714285714285713 , 0 , 0 , 0 , 
290: 0 , 0 , 0 , 0 , 0 , 0 , 0 , 0 , 0 , 0 , 0 , 0.02556580050293378 , 0 , 0 , 0 , 0 , 0.06073871409028728 , 0.00014475969889982628 , 0 , 
291: 0 , 0 , 0 , 0 , 0 , 0 , 0 , 0.5379439252336449 , 0 , 8.772699359592947e-05 , 0 , 0 , 0 , 0 , 0.3548626577579807 , 0 , 
292: 0 , 0 , 0 , 0 , 0 , 0 , 0 , 0 , 0 , 0 , 0 , 0 , 0.0037149146945514586 , 0 , 0.2619047619047619 , 0 , 0 , 0 , 0 , 0 , 0 , 0 , 0.00039108330074305825 , 0 , 
293: 0 , 0 , 0.0011547344110854503 , 0 , 0 , 0 , 0 , 0 , 0 , 0.29984051036682613 , 0 , 0 , 0 , 0.04495876562915669 , 0 , 0 , 0 , 0 , 
294: 0 , 0 , 0 , 0 , 0 , 0 , 0 , 0 , 0 , 0 , 0 , 0 , 0.14583333333333334 , 0.010890151515151516 , 0 , 0 , 0 , 0 , 0 , 0 , 0 , 0 , 0 , 0 , 0 , 
295: 0 , 0.004803616840915513 , 0 , 0.6430894308943089 , 0.013958125623130608 , 0 , 0 , 0 , 0 , 0 , 0 , 0 , 0 , 
296: 0 , 0 , 0 , 0 , 0 , 0.19208726197078943 , 0 , 0 , 0.00012026458208057727 , 0.3889615485221031 , 0.007666506947771922 , 0 , 0.46397694524495675 , 
297: 0 , 0 , 0.0013305565197269467 , 0 , 0 , 0 , 0 , 0.0008223684210526315 , 0 , 0 , 0 , 0 , 0 , 0 , 0 , 
298: 0 , 0 , 0 , 0 , 0 , 0 , 0 , 0 , 0.00045433893684688776 , 0.4480628860190904 , 0.08584961515689757 , 0.21147798742138366 , 
299: 0 , 0 , 0.0018552875695732839 , 0 , 0 , 0 , 0 , 0 , 0 , 0 , 0 , 0 , 0 , 0 , 0 , 0 , 0 , 0.4604072398190045 , 
300: 0 , 0 , 0 , 0.5462184873949579 , 0 , 0 , 0 , 0 , 0 , 
301: 0 , 0 , 0 , 0 , 0 , 0 , 0 , 0 , 0 , 
302: 0 , 0 , 0 , 0 , 0 , 0 , 
303: 0 , 0 , 0 , 0 , 0 , 0.000881057268722467 , 0 , 0 , 0 , 0 , 0 , 0 , 0 , 0 , 0.00029282576866764275 , 0 , 0 , 0.002425712553062462 , 0 , 0 , 0.0019319938176197836 , 0 , 0 , 0 , 0 , 
304: 0 , 0 , 0.19572368421052633 , 0 , 0.3839479392624729 , 0 , 0 , 0 , 0 , 
305: 0 , 0 , 0 , 0 , 0 , 0 , 0 , 0 , 0 , 0 , 0 , 0.001392757660167131 , 0.00012553351744915893 , 0 , 0.061877172653534186 , 0 , 0 , 0 , 0 , 0 , 
306: 0 , 0 , 0 , 0 , 0 , 0 , 
307: 0 , 0 , 0 , 0 , 0 , 0 , 0 , 0 , 0 , 0 , 0 , 0 , 0 , 0 , 0 , 0 , 0 , 0 , 0 , 0 , 0 , 0 , 0 , 0.4571069182389937 , 0 , 0 , 0 , 0.3875598086124402 , 0 , 0 , 
308: 0 , 0.17346647646219687 , 0 , 0 , 0.2500956754688098 , 0 , 0 , 0 , 0 , 
309: 0 , 0 , 0 , 0.0008488964346349745 , 0 , 0 , 0.011278195488721804 , 0.6386852954649564 , 0 , 
310: 0 , 0 , 0 , 0 , 0 , 0 , 0 , 0 , 0.26259990213668244 , 0 , 0 , 0 , 0 , 0 , 0 , 0 , 0 , 0.005605381165919282 , 0.0014619883040935672 , 0 , 0 , 0 , 
311: 0 , 0 , 0 , 0 , 0 , 0 , 0.008062274117319988 , 0 , 0.08073097386074485 , 0.002526847757422615 , 0 , 0 , 0 , 0 , 0 , 0 , 0 , 0 , 0 , 0 , 0.25386996904024767 , 0.0012714558169103624 , 
312: 0 , 0 , 0 , 0 , 0 , 0.0014679668658907413 , 0 , 0 , 0.2600755667506297 , 0.41576673866090713 , 0 , 0 , 0 , 0 , 0 , 0.15759312320916904 , 0 , 
313: 0 , 0 , 0 , 0 , 0 , 0 , 0 , 0.2220694033008887 , 0 , 0 , 0 , 0 , 0 , 0 , 0 , 0 , 0 , 0 , 0.004127115146512587 , 0 , 0 , 0 , 0.14776632302405499 , 
314: 0 , 0 , 0 , 0 , 0 , 0 , 0 , 0 , 0 , 0.00013984058173682003 , 0 , 0 , 0 , 0 , 0 , 0 , 0 , 0 , 0 , 0 , 0.004322766570605188 , 0 , 0 , 0 , 0 , 0 , 0 , 0 , 0 , 
315: 0 , 0 , 0 , 0 , 0 , 0 , 0 , 0.021638330757341576 , 0 , 0.2399900522258145 , 0.0007342143906020558 , 0 , 
316: 0 , 0 , 0 , 0 , 0 , 0 , 0 , 0 , 0 , 0 , 0 , 0 , 0.0020905923344947735 , 0 , 0 , 0 , 0 , 0 , 0.0002522704339051463 , 0.5084497521406038 , 0 , 0 , 0 , 0 , 0 , 0 , 
317: 0 , 0 , 0 , 0 , 0 , 0 , 0 , 0.11435523114355231 , 0 , 0 , 0.10451977401129943 , 0 , 0.003762541806020067 , 0.42495479204339964 , 0 , 
318: 0 , 0 , 0 , 0.197352587244284 , 0.00031645569620253165 , 0 , 0 , 0.00808080808080808 , 0 , 0.6157199471598415 , 0 , 0.11206896551724138 , 0 , 
319: 0 , 0 , 0 , 0 , 0 , 0 , 0.004074979625101874 , 0 , 0.4795310397847396 , 0.001669449081803005 , 0.05744996293550778 , 0 , 
320: 0 , 0 , 0.09266943291839558 , 0.37693006357856496 , 0 , 0 , 0 , 0 , 0.0006920415224913495 , 0.7449903038138332 , 0 , 0 , 0 , 
321: 0 , 0.00027266530334015 , 0.5170025188916877 , 0 , 0 , 0 , 0 , 0.007917174177831911 , 0 , 0 , 0 , 0 , 0.7252880533656761 , 0 , 0 , 
322: 0 , 0 , 0 , 0.6813660477453581 , 0 , 0.0054226918798665185 , 0 , 0 , 0 , 0 , 0 , 
323: 0 , 0 , 0 , 0 , 0 , 0 , 0 , 0 , 0 , 0 , 0 , 0 , 0 , 0 , 0 , 0 , 0 , 0 , 0 , 0 , 0 , 0 , 0 , 0 , 0.004622496147919877 , 0 , 0.3656716417910448 , 0 , 0 , 0 , 0 , 0.007348938486663037 , 0 , 0 , 0 , 
324: 0 , 0 , 0 , 0 , 0 , 0 , 0 , 0 , 0 , 0 , 0 , 0 , 0 , 0 , 0 , 0 , 0 , 0 , 0 , 0 , 0 , 0 , 0 , 0 , 0 , 0 , 0 , 0 , 0 , 0.5661914460285132 , 0 , 0.0008653014133256418 , 0 , 0 , 
325: 0 , 0 , 0 , 0 , 0 , 0 , 0 , 0 , 0 , 0 , 
326: 0 , 0 , 0 , 0 , 0 , 0 , 0 , 0 , 0 , 0 , 0 , 0 , 0 , 0 , 0 , 0 , 0 , 0 , 0 , 0 , 0 , 0 , 0.0020797227036395147 , 0.48846787479406917 , 0 , 0 , 0 , 0 , 0.0012497396375755051 , 0 , 
327: 0 , 0.3809924306139613 , 0 , 0 , 0.37787844469611176 , 0 , 0 , 0 , 0 , 
328: 0 , 0.03183791606367583 , 0.002257336343115124 , 0 , 0.45150247242297453 , 0 , 0.12658227848101267 , 0 , 0 , 0 , 
329: 0 , 0 , 0 , 0.1945945945945946 , 0 , 0 , 0 , 0 , 0 , 0.0012784220619121542 , 0 , 0 , 0 , 0 , 0.6904417089065894 , 0 , 0 , 0 , 
330: 0 , 0 , 0 , 0 , 0 , 0 , 0 , 0 , 0 , 0 , 0 , 0 , 0 , 0 , 0 , 0 , 0 , 0 , 0 , 0 , 0 , 0.00047996160307175426 , 0 , 0 , 0 , 0 , 0 , 0 , 0 , 0 , 0 , 0 , 0.026264591439688716 , 0 , 0 , 0 , 0 , 0 , 0 , 0 , 0 , 0.5703611457036114 , 
331: 0 , 0 , 0 , 0 , 0 , 0 , 0 , 0 , 0 , 0.006454697585464977 , 0.0035447026388341868 , 0 , 0 , 0 , 0 , 0 , 0 , 0 , 0 , 0 , 0 , 0 , 0 , 0 , 0 , 0 , 0 , 0 , 0 , 0 , 0 , 0 , 0 , 0.7895231383603477 , 0 , 0 , 
332: 0 , 0 , 0 , 0 , 0 , 0 , 0 , 0 , 0.2678037757854071 , 0 , 0.004711085472550716 , 0 , 0 , 0 , 0 , 0 , 0 , 0 , 0 , 0 , 0.49502262443438916 , 0 , 0 , 
333: 0 , 0.016666666666666666 , 0.0013869625520110957 , 0 , 0 , 0 , 0 , 0 , 0 , 0 , 0 , 0.17734855136084285 , 0 , 0 , 
334: 0 , 0 , 0 , 0 , 0 , 0 , 0.004366812227074236 , 0.0893760539629005 , 0 , 0 , 0.3268983268983269 , 
335: 0 , 0 , 0.5409836065573771 , 0 , 0 , 0 , 0 , 0 , 0.0030581039755351682 , 0 , 0 , 0 , 0 , 0 , 0 , 0 , 0 , 0 , 0 , 0.2564216612921161 , 0 , 0 , 0 , 0 , 0 , 0 , 0 , 
336: 0 , 0 , 0.5348425893172974 , 0 , 0.09931506849315068 , 0 , 0 , 0 , 0.0005670220004536176 , 0.2675418741511996 , 0.34838458544180617 , 0 , 0 , 0 , 
337: 0 , 0 , 0 , 0 , 0 , 0.002204261572373255 , 0 , 0 , 0 , 0 , 0 , 0 , 0 , 0 , 0 , 0 , 0 , 0 , 0.2217271655091076 , 0 , 0 , 
338: 0 , 0 , 0 , 0 , 0 , 0 , 0 , 0 , 0 , 0 , 0 , 0 , 0 , 0 , 0 , 0.1674364896073903 , 0.28509386382740265 , 0 , 0 , 
339: 0 , 0 , 0 , 0 , 0 , 0 , 0 , 0 , 0 , 0.08173076923076923 , 0 , 0 , 0 , 0 , 0 , 0 , 0 , 0 , 0 , 0 , 0 , 0 , 0 , 0 , 0 , 0 , 0 , 0 , 0 , 0 , 0 , 0 , 0 , 0 , 0 , 0.0015840687938447613 , 0 , 0 , 0 , 0 , 0 , 0 , 0 , 0 , 0 , 0 , 0 , 0 , 0 , 
340: 0 , 0 , 0 , 0 , 0 , 0 , 0 , 0 , 0 , 0 , 0 , 0 , 0 , 0.20808464460119372 , 0 , 0 , 
341: 0 , 0 , 0 , 0 , 0 , 0 , 0 , 0 , 0 , 0 , 0.013302486986697512 , 0.05875790256600967 , 0 , 0 , 0 , 0.504506128334535 , 0 , 0 , 0.04152249134948097 , 0 , 0 , 0 , 0 , 0 , 
342: 0 , 0 , 0 , 0 , 0 , 0 , 0.0018640908320623623 , 0 , 0.0005748227629814141 , 0 , 0 , 0.35227498509835087 , 0 , 0 , 
343: 0 , 0 , 0.0017290160326941214 , 0 , 0 , 0 , 0 , 0 , 0.5593847906579322 , 0.0017196904557179708 , 0 , 0 , 0 , 
344: 0 , 0 , 0 , 0 , 0 , 0 , 0 , 0 , 0 , 0 , 0 , 0 , 0 , 0.03125 , 0 , 0 , 0.08229426433915212 , 0 , 0 , 
345: 0 , 0 , 0 , 0 , 0.0020938023450586263 , 0 , 0 , 0 , 0 , 0 , 0.000591016548463357 , 0 , 0 , 0.5483037156704362 , 0 , 0 , 
346: 0 , 0 , 0 , 0 , 0 , 0 , 0 , 0 , 0 , 0 , 0 , 0 , 0 , 0 , 0 , 0 , 0 , 0 , 0.004253810705423609 , 0 , 0.035283194057567316 , 0 , 0.2560553633217993 , 0 , 
347: 0 , 0 , 0 , 0 , 0 , 0 , 0 , 0 , 0.505992973754908 , 0.001658374792703151 , 0 , 0 , 
348: 0 , 0.0002925687536571094 , 0.00041186161449752884 , 0 , 0.49226110363391656 , 0 , 0 , 0 , 0 , 0 , 
349: 0 , 0 , 0 , 0 , 0 , 0 , 0 , 0 , 0 , 0 , 0 , 0 , 0 , 0 , 0 , 0 , 0 , 0.006463527239150508 , 0.3604611443210931 , 0 , 0 , 0 , 0 , 
350: 0 , 0 , 0 , 0 , 0 , 0 , 0 , 0 , 0 , 0 , 0 , 0 , 0 , 0 , 0 , 0.01451378809869376 , 0 , 0 , 0 , 0 , 0 , 0 , 0 , 0 , 0.18494271685761046 , 0.0007733952049497294 , 0 , 0 , 0 , 
351: 0 , 0 , 0 , 0 , 0 , 0 , 0 , 0 , 0 , 0 , 0 , 0 , 0 , 0 , 0 , 0.6788461538461539 , 0.0017811704834605599 , 0 , 
352: 0 , 0.08175577283128771 , 0.028246371125931737 , 0 , 0 , 0 , 0 , 0 , 0.011623097286565189 , 0 , 0 , 0 , 
353: 0 , 0 , 0 , 0.3938618925831202 , 0 , 0 , 0 , 0.2564959168522643 , 0 , 0.00033755274261603374 , 0 , 0 , 0 , 0.047524752475247525 , 0 , 0 , 0 , 
354: 0 , 0 , 0 , 0 , 0 , 0 , 0 , 0 , 0 , 0 , 0 , 0 , 0 , 0 , 0 , 0.0018747656542932134 , 0 , 0 , 0 , 0 , 0 , 0 , 0 , 0 , 0.681586402266289 , 0 , 0 , 0.1316818774445893 , 0 , 
355: 0 , 0 , 0.031654676258992806 , 0.39631942162339795 , 0.012380848033307768 , 0 , 0 , 0.8621047174701918 , 0.027910685805422646 , 0 , 0 , 
356: 0 , 0 , 0 , 0 , 0 , 0 , 0 , 0 , 0 , 0 , 0 , 0 , 0 , 0 , 0 , 0 , 0 , 0 , 0 , 0 , 0 , 0.0008807468733485996 , 0 , 0.6320195326124869 , 
357: 0 , 0 , 0 , 0 , 0.003167062549485352 , 0.001059322033898305 , 0 , 0.04589114194236926 , 0 , 0 , 0 , 0 , 0.012396694214876033 , 0.0196078431372549 , 
358: 0 , 0.0866066066066066 , 0.052276064610866375 , 0.0007730962504831851 , 0 , 0 , 0 , 0.650883030458152 , 0.002621231979030144 , 0 , 
359: 0 , 0 , 0 , 0 , 0 , 0 , 0 , 0 , 0 , 0 , 0 , 0.6436961628817541 , 0 , 0.06298533218291631 , 0 , 0.13693693693693693 , 0 , 0 , 0 , 
360: 0 , 0 , 0 , 0 , 0 , 0 , 0 , 0 , 0 , 0 , 0 , 0.003857957036387549 , 0 , 0 , 0 , 0 , 0 , 0 , 0 , 0.5428533928337053 , 0 , 0 , 0 , 0 , 0 , 0 , 
361: 0 , 0 , 0 , 0.03512658227848101 , 0 , 0 , 0 , 0 , 0 , 0 , 0 , 0 , 0 , 0 , 0 , 0 , 0.025354385156159964 , 0.42061855670103093 , 0 , 0 , 0 , 
362: 0 , 0 , 0 , 0 , 0 , 0 , 0.015444015444015444 , 0 , 0 , 0 , 0 , 0.0008261731658955717 , 0 , 0.274896265560166 , 0 , 0 , 
363: 0 , 0 , 0 , 0 , 0 , 0.0004035512510088781 , 0 , 0 , 0 , 0 , 0 , 0 , 0 , 0 , 0.21396303901437372 , 0 , 0 , 0 , 0 , 
364: 0 , 0 , 0 , 0 , 0 , 0 , 0 , 0 , 0.0017094017094017094 , 0 , 0 , 0.0011160714285714285 , 0.0008424599831508003 , 0 , 0 , 0 , 0.0038363171355498722 , 0 , 0.004010695187165776 , 0 , 0 , 0 , 
365: 0 , 0 , 0 , 0 , 0 , 0.0004995004995004995 , 0 , 0 , 0 , 0 , 0 , 0 , 0 , 0 , 0.20833333333333334 , 0 , 0.003266692800209068 , 0 , 0.09274193548387097 , 
366: 0 , 0 , 0 , 0 , 0 , 0 , 0.36714567483798255 , 0 , 0.0006516072980017377 , 0 , 0 , 0.3393316195372751 , 0 , 
367: 0 , 0.020618556701030927 , 0 , 0 , 0.3478513356562137 , 0 , 0.0002880184331797235 , 0 , 0 , 0 , 0 , 0 , 0 , 0 , 0 , 0 , 0 , 0.00021952290355627103 , 0 , 0 , 0 , 0 , 0.015533980582524271 , 0.3239861949956859 , 
368: 0 , 0 , 0 , 0 , 0.03955696202531646 , 0.11350574712643678 , 0 , 0 , 0.0009832841691248771 , 0 , 0 , 0 , 0 , 0.3323353293413174 , 0.003629165291982844 , 
369: 0 , 0 , 0 , 0 , 0 , 0 , 0.002791169753869576 , 0 , 0 , 0.05097706032285471 , 0 , 0.2521001985642279 , 0 , 0 , 0 , 0 , 0 , 
370: 0 , 0 , 0 , 0 , 0 , 0 , 0 , 0 , 0 , 0 , 0 , 0.01134672619047619 , 0 , 0 , 0 , 0 , 0 , 0.007075471698113208 , 0 , 0 , 0 , 
371: 0 , 0 , 0.006896551724137931 , 0.015099519560741249 , 0.3582469184112698 , 0 , 0.0016492578339747114 , 0 , 0 , 0.28031634446397186 , 0 , 0 , 
372: 0 , 0 , 0 , 0.001098901098901099 , 0.0002677137247902909 , 0 , 0.3555992141453831 , 0 , 0 , 0 , 0 , 
373: 0 , 0 , 0.007810059356451109 , 0 , 0.005434782608695652 , 0.003552397868561279 , 0 , 0 , 
374: 0 , 0 , 0 , 0 , 0 , 0 , 0 , 0 , 0 , 0 , 0 , 0 , 0 , 0 , 0 , 0 , 0 , 0 , 0 , 0 , 0 , 0 , 0 , 0 , 0 , 0.002318691227618189 , 0 , 
375: 0 , 0 , 0.0002799552071668533 , 0.5775623268698061 , 0.0005526388505111909 , 0 , 0.005084745762711864 , 0 , 0 , 0 , 
376: 0 , 0.0015128593040847202 , 0 , 0 , 0 , 0 , 0 , 0 , 0.013219284603421462 , 0 , 0 , 0 , 0 , 0 , 0.001321003963011889 , 0 , 0 , 0 , 0.2926829268292683 , 0 , 0 , 
377: 0 , 0 , 0 , 0.031276778063410456 , 0 , 0 , 0 , 0.14649393005979344 , 0.00448796409628723 , 0.020025429116338207 , 0 , 0 , 0 , 0 , 0 , 0 , 0 , 0 , 0 , 0 , 0 , 0 , 0 , 0 , 
378: 0 , 0 , 0 , 0 , 0 , 0 , 0 , 0 , 0 , 0 , 0 , 0 , 0 , 0 , 0 , 0 , 0 , 0 , 0 , 0 , 0 , 0 , 0.8013406459475929 , 0.3024760832864378 , 0 , 0 , 0 , 0 , 0 , 
379: 0 , 0 , 0 , 0 , 0 , 0 , 0 , 0 , 0 , 0 , 0 , 0 , 0 , 0.02395452699959399 , 0 , 0 , 0 , 0 , 0 , 
380: 0 , 0 , 0 , 0 , 0 , 0 , 0.04470588235294118 , 0 , 0 , 0 , 0 , 0.4458161865569273 , 0.02923299565846599 , 0.025090604962364094 , 0.07969151670951156 , 
381: 0 , 0 , 0 , 0.5131769918264456 , 0 , 0 , 0 , 0 , 0 , 
382: 0 , 0 , 0.1673728813559322 , 0 , 0 , 0 , 0.0007178750897343862 , 0 , 0 , 0 , 
383: 0 , 0 , 0 , 0 , 0 , 0 , 0 , 0 , 0 , 0 , 0 , 0 , 0 , 0 , 0 , 0 , 0 , 0 , 0 , 0.2468408960367605 , 0 , 0 , 0 , 0 , 0.444653651768903 , 0 , 0 , 0 , 
384: 0 , 0 , 0 , 0 , 0 , 0 , 0 , 0 , 0 , 0 , 0 , 0.28191489361702127 , 0 , 0.0003527336860670194 , 
385: 0 , 0 , 0.0004977050268207708 , 0 , 0 , 0 , 0.7816367265469062 , 0 , 0.2778846153846154 , 0 , 
386: 0 , 0 , 0 , 0 , 0 , 0 , 0 , 0 , 0 , 0.3661261261261261 , 0 , 0.012434554973821989 , 0 , 
387: 0 , 0 , 0 , 0 , 0.26504751847940866 , 0 , 0 , 0 , 0 , 0.024211968935587025 , 0 , 0 , 0 , 0.0006015942246954429 , 0 , 0 , 0 , 0 , 0.05394990366088632 , 0 , 0 , 
388: 0 , 0 , 0 , 0 , 0 , 0.0006643414715163594 , 0 , 0.2323943661971831 , 0 , 
389: 0 , 0 , 0 , 0 , 0.06886517943743937 , 0.007936507936507936 , 0.2799102132435466 , 0 , 0 , 0 , 
390: 0 , 0 , 0 , 0 , 0.13504823151125403 , 0 , 0 , 0.5219769090540815 , 0.023127753303964757 , 0.0002658160552897395 , 0 , 0 , 0 , 0 , 0.23575129533678757 , 
391: 0 , 0 , 0 , 0 , 0 , 0 , 0 , 0 , 0 , 0 , 0 , 0 , 0.07531880977683315 , 0.28884199419678186 , 0 , 0 , 0 , 0 , 0 , 0 , 0 , 0 , 0 , 0.4059990910468111 , 0 , 0 , 
392: 0 , 0 , 0 , 0 , 0 , 0 , 0.35555555555555557 , 0.0019027484143763213 , 0.0017881978939002583 , 0.4600744724865536 , 0 , 
393: 0 , 0 , 0 , 0 , 0 , 0 , 0.000970873786407767 , 0 , 0 , 0 , 0.04271356783919598 , 0 , 0 , 0 , 0 , 0 , 0 , 
394: 0 , 0.0018709073900841909 , 0 , 0 , 0 , 0.08711656441717791 , 0.049586776859504134 , 0 , 0 , 0.0001315962626661403 , 0 , 0.002029264124746342 , 0 , 0 , 0 , 0 , 0 , 0 , 0 , 
395: 0 , 0 , 0 , 0 , 0 , 0 , 0 , 0 , 0 , 
396: 0 , 0 , 0 , 0 , 0 , 0 , 0 , 0 , 0 , 0 , 0 , 0 , 0 , 0 , 0 , 0 , 0 , 0 , 0.011194029850746268 , 0 , 0 , 0 , 0 , 0 , 0 , 0 , 0 , 0 , 0 , 0 , 0 , 0.10310775486494336 , 0 , 0 , 0 , 0.00012233912405187178 , 0 , 0 , 0 , 0 , 
397: 0 , 0 , 0 , 0 , 0 , 0.06827682303762192 , 0 , 0 , 0 , 0.0019792758179066248 , 0 , 0.0026755852842809363 , 0 , 0 , 0 , 0.27941176470588236 , 0 , 0.2819362077255971 , 0 , 
398: 0 , 0 , 0.038403990024937655 , 0 , 0 , 0 , 0 , 0 , 0 , 0 , 0 , 0 , 0 , 0 , 0 , 0 , 0 , 0 , 0 , 0 , 0 , 0 , 0 , 0 , 0 , 0 , 0 , 0.38822477026917135 , 0 , 0 , 0 , 0 , 0 , 
399: 0 , 0 , 0 , 0 , 0 , 0 , 0 , 0 , 0 , 0 , 0 , 0 , 0 , 0 , 0 , 0 , 0 , 0 , 0 , 0 , 0 , 0 , 0 , 0 , 0 , 0 , 0 , 0 , 0 , 0 , 0 , 0 , 0 , 0.019896193771626297 , 0 , 0.005201204489460717 , 0.517490952955368 , 0 , 0 , 0 , 
400: 0 , 0 , 0 , 0.3613070924619384 , 0 , 0 , 0.036989795918367346 , 0.036322360953461974 , 0.605829349025377 , 0 , 
401: 0 , 0 , 0 , 0 , 0.07758620689655173 , 0 , 0 , 0 , 0 , 0 , 0 , 0 , 0.0034129692832764505 , 0 , 0 , 0 , 0 , 0 , 0 , 0 , 0.3157290470723307 , 
402: 0 , 0 , 0 , 0 , 0.04452054794520548 , 0 , 0 , 0 , 0.008153078202995009 , 0 , 0.18910963944076528 , 0 , 0 , 0 , 0 , 0 , 0 , 0 , 0 , 0 , 0.0003800836183960471 , 0 , 0 , 0 , 
403: 0 , 0 , 0 , 0 , 0 , 0.015256588072122053 , 0 , 0.26009791921664627 , 0 , 
404: 0 , 0 , 0 , 0 , 0 , 0 , 0 , 0 , 0 , 0 , 0 , 0 , 0 , 0 , 0 , 0 , 0 , 0 , 0 , 0 , 0 , 0.0034056631312639877 , 0.16289424860853433 , 0 , 0 , 0 , 0 , 
405: 0 , 0 , 0 , 0 , 0 , 0 , 0 , 0.0019569471624266144 , 0 , 0 , 0.00469188461106746 , 0.6850605652759085 , 0 , 0 , 
406: 0 , 0 , 0 , 0 , 0 , 0 , 0.04046242774566474 , 0 , 0 , 0 , 0 , 0 , 0.1282051282051282 , 0 , 0 , 0 , 0.40495356037151703 , 0 , 
407: 0 , 0 , 0 , 0 , 0 , 0 , 0 , 0 , 0 , 
408: 0 , 0 , 0 , 0 , 0 , 0.037608486017357765 , 0 , 0 , 0 , 0 , 0 , 0 , 0 , 0 , 0 , 0 , 0 , 0.020066889632107024 , 0 , 0 , 0 , 0 , 0.0006921099466086612 , 0.2502492522432702 , 0 , 0 , 0 , 
409: 0 , 0.04547726136931534 , 0 , 0 , 0.00646830530401035 , 0 , 0 , 0 , 0.001366742596810934 , 0 , 0 , 0 , 0 , 0 , 0 , 0 , 0 , 0 , 0 , 0 , 0 , 0 , 0 , 0 , 0 , 0 , 0 , 0.1056607574536664 , 0 , 0 , 0 , 0 , 0 , 0 , 
410: 0 , 0 , 0 , 0 , 0 , 0.003703703703703704 , 0 , 0 , 0 , 0.21422874461636623 , 0 , 0 , 0 , 0 , 0.010439560439560439 , 0 , 0 , 
411: 0 , 0 , 0 , 0 , 0 , 0.18191056910569106 , 0 , 0 , 0 , 0 , 0.03273809523809524 , 0 , 0.021149101163200564 , 0 , 
412: 0 , 0 , 0 , 0 , 0 , 0 , 0 , 0 , 0 , 0 , 0 , 0 , 0 , 0.2463359639233371 , 0.4640970895606248 , 0.20210695064697126 , 0 , 0 , 0 , 0 , 
413: 0 , 0 , 0 , 0 , 0 , 0 , 0 , 0 , 0 , 0.0033218346748434906 , 0.02145922746781116 , 0 , 0.45100451004510045 , 0 , 0 , 
414: 0 , 0 , 0 , 0 , 0 , 0 , 0 , 0 , 0 , 0 , 0 , 0 , 0 , 0 , 0 , 0 , 0 , 0 , 0 , 0 , 0.29398663697104677 , 0 , 0 , 0 , 0 , 0 , 0.07598784194528875 , 0.0019099916437865583 , 0 , 0 , 0.038461538461538464 , 0 , 0 , 0 , 
415: 0 , 0 , 0.35282651072124754 , 0 , 0 , 0.0009101547263034716 , 0 , 0.0670926517571885 , 
416: 0 , 0 , 0 , 0 , 0 , 0 , 0 , 0 , 0 , 0 , 0 , 0.030416951469583047 , 0.03225806451612903 , 0 , 0.00018096272167933406 , 0 , 0 , 0 , 0 , 0 , 0 , 0 , 0 , 0 , 
417: 0 , 0 , 0.15977961432506887 , 0 , 0 , 0.18070009460737937 , 0.47116430903155604 , 0.09348914858096828 , 0 , 0.24134078212290502 , 0 , 0 , 0 , 0 , 0 , 
418: 0 , 0 , 0 , 0 , 0 , 0 , 0 , 
419: 0 , 0 , 0 , 0 , 0 , 0.00019109497420217848 , 0 , 0 , 0 , 0.23655913978494625 , 0 , 
420: 0 , 0 , 0 , 0 , 0.016597510373443983 , 0.42167721518987344 , 0 , 0.13800675675675675 , 0 , 
421: 0 , 0 , 0 , 5.040068544932211e-05 , 0.7803609666564699 , 0.15062523683213339 , 0 , 0 , 0 , 0 , 
422: 0 , 0 , 0 , 0 , 0.002079002079002079 , 0 , 0.07736720554272518 , 0.5592 , 
423: 0 , 0.11738351254480286 , 0 , 0 , 0 , 0 , 0 , 0 , 0 , 0 , 0 , 0 , 0 , 0 , 0 , 0 , 0 , 0 , 0 , 0 , 0 , 0 , 0 , 0 , 0 , 0 , 0 , 0.12335612835349816 , 0 , 0 , 0 , 0 , 
424: 0 , 0 , 0 , 0 , 0 , 0 , 0.0007165890361877463 , 0 , 0.00011900511722004047 , 0 , 0.20263212868184666 , 0 , 0 , 0.017603634298693924 , 0 , 0 , 0.510650546919977 , 0 , 0 , 
425: 0 , 0 , 0.01556420233463035 , 0 , 0.00010653030787258975 , 0 , 0.3909039654200338 , 0.018666666666666668 , 0.4268953068592058 , 0 , 0 , 
426: 0 , 0 , 0 , 0 , 0 , 0 , 0 , 0.00911854103343465 , 0 , 0 , 0 , 0.07153553738048612 , 0.02162516382699869 , 0 , 0.7042633567188343 , 0.00045934772622875517 , 0 , 0 , 0.5733558178752108 , 
427: 0 , 0 , 0 , 0 , 0 , 0 , 0 , 0 , 0 , 0 , 0 , 0.3505535055350554 , 0.0005561735261401557 , 0 , 0 , 0 , 
428: 0 , 0 , 0 , 0.3785431270953977 , 0 , 0 , 0 , 0 , 0 , 0.544955189361087 , 0 , 
429: 0 , 0 , 0 , 0 , 0 , 0 , 0 , 0 , 0 , 0 , 0.008302583025830259 , 0 , 0 , 0.08571428571428572 , 0 , 0 , 0 , 0 , 0 , 0 , 0 , 0.26640513552068473 , 0 , 0 , 0 , 0 , 
430: 0 , 0 , 0 , 0 , 0.18364180427795634 , 0 , 0 , 0 , 0 , 0 , 0 , 0.0716820440028389 , 0.0004713646005185011 , 0 , 0 , 0 , 0 , 0 , 0.011466011466011465 , 0 , 0 , 0 , 0 , 0 , 0 , 
431: 0 , 0 , 0 , 0 , 0 , 0 , 0 , 0 , 0 , 0 , 0 , 0 , 0 , 0 , 0 , 0 , 0 , 0 , 0 , 0.18021077283372366 , 0 , 0 , 0 , 0.057308970099667775 , 0 , 0.5340855665256229 , 0 , 
432: 0 , 0 , 0 , 0.15729856807010045 , 0 , 0 , 0 , 0 , 0 , 0 , 
433: 0 , 0 , 0 , 0 , 0 , 0.4313653136531365 , 0 , 0 , 0 , 0 , 0.002008032128514056 , 0 , 0 , 
434: 0 , 0 , 0 , 0.639511201629328 , 0 , 0.384 , 0.0015822784810126582 , 0.5108950117053844 , 0.07327141382868937 , 0 , 
435: 0 , 0 , 0 , 0 , 0 , 0 , 0 , 0 , 0 , 0 , 0 , 0 , 0.000211954217888936 , 0 , 0.0054890219560878245 , 0.30494371023005384 , 0 , 0 , 0 , 
436: 0 , 0 , 0 , 0 , 0 , 0 , 0.032711218141681715 , 0.49375866851595007 , 0.07428697766968825 , 
437: 0 , 0 , 0 , 0 , 0 , 0 , 0 , 0 , 0 , 0 , 0 , 0 , 0 , 0 , 0 , 0 , 0.021087314662273475 , 0 , 0.008339056215049543 , 0 , 0.02225130890052356 , 0 , 0.00015607928827844546 , 0 , 0 , 0 , 0 , 0 , 0 , 0 , 0 , 0 , 0 , 0 , 0 , 0 , 
438: 0 , 0 , 0.4185855263157895 , 0.004906771344455349 , 0 , 0 , 0 , 0 , 0 , 0 , 0.0032508389261744967 , 0.16873278236914602 , 0.09306167400881057 , 0 , 
439: 0 , 0.0035279805352798053 , 0 , 0 , 0 , 0 , 0 , 0 , 0 , 0 , 0 , 0 , 0 , 0 , 0 , 0 , 0.3253493013972056 , 0 , 0 , 0 , 
440: 0 , 0 , 0 , 0 , 0 , 0.0010799136069114472 , 0.1512667660208644 , 0.11842105263157894 , 0.0035685963521015066 , 0 , 0 , 0 , 0 , 
441: 0 , 0 , 0 , 0.014243323442136498 , 0.07011331444759207 , 0.09885160999774825 , 0.38028350515463916 , 0 , 0 , 
442: 0 , 0 , 0 , 0 , 0 , 0.1390728476821192 , 0 , 0 , 0 , 0 , 0 , 0.008893280632411068 , 0 , 0 , 0 , 0 , 0 , 0 , 0 , 0 , 0 , 0 , 0.2402109637206329 , 0 , 0 , 0 , 0 , 
443: 0 , 0.07746478873239436 , 0 , 0 , 0 , 0.010115606936416185 , 0.37178423236514524 , 0.07240704500978473 , 0 , 
444: 0 , 0 , 0 , 0 , 0 , 0 , 0 , 
445: 0 , 0 , 0 , 0 , 0 , 0 , 0 , 0 , 0 , 0 , 
446: 0 , 0 , 0 , 0.016129032258064516 , 0.5963855421686747 , 0 , 
447: 0 , 0 , 0 , 0 , 0 , 0.6801853997682503 , 0 , 
448: 0 , 0.8075980392156863 , 0 , 0 , 0 , 
449: 0 , 0 , 0 , 0 , 0 , 0 , 0 , 
450: 0 , 0 , 0.0158465387823186 , 0.00030721966205837174 , 0.011013215859030838 , 0 , 0 , 0 , 0 , 0 , 0.40255818084917394 , 
451: 0 , 0 , 0.7064876957494407 , 0 , 0 , 0 , 
452: 0 , 0.6207914943886592 , 0.33318098720292505 , 0.06295559973492379 , 0 , 0 , 0 , 0 , 0.03796477495107632 , 0 , 0 , 0.021367521367521368 , 0 , 
453: 0 , 0.26544804291674945 , 0.22819335673778018 , 0 , 0 , 0 , 
454: 0 , 0 , 0 , 0 , 0 , 0 , 0 , 0 , 
455: 0 , 0.19084362139917696 , 0 , 0 , 0 , 0 , 0 , 
456: 0 , 0 , 0.00047709923664122136 , 0 , 0 , 0 , 0 , 0 , 0.5907883082373782 , 0.0026464273231137964 , 0 , 0 , 
457: 0 , 0 , 0 , 0 , 0.044556962025316456 , 0.5385754678874377 , 0 , 0 , 0 , 
458: 0 , 0.002398081534772182 , 0 , 0 , 0 , 0 , 0 , 0 , 0.3658102766798419 , 0 , 0.0049261083743842365 , 0.16695717131474103 , 0 , 0 , 
459: 0 , 0 , 0 , 0 , 0 , 0 , 0 , 0 , 
460: 0 , 0 , 0 , 0 , 0 , 
461: 0 , 0 , 0 , 0 , 0 , 0 , 0 , 0 , 
462: 0 , 0 , 0 , 0 , 0.17533632286995515 , 0 , 0 , 0 , 0 , 
463: 0 , 0 , 0 , 0 , 0 , 0 , 0 , 
464: 0 , 0 , 0.046831955922865015 , 0.7048414023372287 , 0 , 0 , 0 , 0 , 0 , 
465: 0 , 0 , 0 , 0 , 0 , 0 , 0.008645533141210375 , 0.0391566265060241 , 0 , 0.3092901971183594 , 0 , 0 , 
466: 0 , 0 , 0 , 0 , 0 , 0 , 0 , 0 , 
467: 0 , 0 , 0 , 0 , 0 , 0 , 0 , 0 , 0 , 
468: 0 , 0 , 0 , 0.05120248254460822 , 0.5265714285714286 , 0.1716352476983779 , 0 , 0 , 0 , 
469: 0 , 0 , 0 , 0 , 0 , 0 , 0 , 0 , 
470: 0 , 0 , 0 , 0 , 0.058823529411764705 , 0.0005295768680824022 , 0 , 0 , 0 , 
471: 0 , 0 , 0 , 0 , 0.024871693643900513 , 0 , 0 , 0 , 0 , 0.4520824909017388 , 0 , 0 , 0.06426484907497566 , 
472: 0 , 0 , 0 , 0 , 0 , 0 , 0.0774780426599749 , 0 , 0 , 0.001893939393939394 , 0.30708742886704604 , 0.01703800786369594 , 
473: 0 , 0 , 0.044642857142857144 , 0 , 0 , 0 , 0 , 0 , 0 , 
474: 0 , 0 , 0 , 0 , 0 , 0 , 
475: 0 , 0 , 0 , 0 , 0 , 
476: 0 , 0 , 0 , 0 , 0 , 0 , 0 , 0 , 
477: 0 , 0 , 0.07933579335793357 , 0.3028233151183971 , 0.2544095665171898 , 0.17160161507402422 , 0.003079028395484092 , 
478: 0 , 0 , 0.024414648789273564 , 0 , 0 , 0 , 0 , 0 , 
479: 0 , 0 , 0 , 0 , 0 , 0 , 0 , 0 , 0 , 0 , 0.42226148409893993 , 0 , 
480: 0 , 0.009779951100244499 , 0.33501064447455003 , 0.40339425587467365 , 0 , 0.001784651992861392 , 
481: 0 , 0 , 0 , 0 , 0 , 0 , 0 , 0 , 0 , 
482: 0 , 0 , 0 , 0 , 0 , 0 , 0 , 0 , 0 , 
483: 0 , 0 , 0 , 0 , 0 , 0 , 0 , 0 , 0 , 0 , 
484: 0 , 0 , 0 , 0.024844720496894408 , 0.6984265734265734 , 0 , 0.23684210526315788 , 0 , 0 , 0 , 
485: 0 , 0 , 0 , 0 , 0 , 0 , 
486: 0 , 0 , 0 , 0 , 0 , 0 , 0 , 0 , 0 , 
487: 0 , 0 , 0 , 0.08657684630738523 , 0.24483999242567694 , 0 , 0 , 0 , 
488: 0 , 0 , 0.00012591286829513975 , 0.0863961813842482 , 0 , 0.41357695385436116 , 0.07533589251439539 , 0 , 0 , 0 , 
489: 0 , 0 , 0 , 0 , 0 , 0 , 0 , 
490: 0 , 0 , 0 , 0 , 0 , 0 , 0 , 0 , 
491: 0 , 0 , 0 , 0.14705882352941177 , 0.004366812227074236 , 0 , 0 , 0 , 0 , 
492: 0 , 0 , 0 , 0 , 0 , 0 , 0 , 0 , 
493: 0 , 0 , 0.051330798479087454 , 0 , 0.2961111111111111 , 0 , 0 , 0 , 
494: 0 , 0.17039618488628028 , 0.001712855197856735 , 0 , 0 , 0 , 0 , 0 , 0 , 
495: 0 , 0 , 0 , 0 , 0.014453477868112014 , 0 , 0.31391337677270986 , 0 , 0 , 0 , 0 , 
496: 0 , 0 , 0.5576707726763718 , 0 , 0 , 0.029245514868518063 , 0.6285836542575952 , 0.1976023976023976 , 0 , 
497: 0 , 0 , 0.7029972752043597 , 0 , 0 , 0 , 0 , 
498: 0 , 0 , 0 , 0 , 0.2573099415204678 , 0 , 0 , 0 , 0 , 
499: 0 , 0.3381436536569367 , 0 , 0 , 0 , 0.12812681791739383 , 0 , 0 , 0 , 
