0: 0 , 0 , 0 , 0 , 0 , 0 , 0 , 0 , 0 , 0 , 0.011363636363636364 , 0 , 0 , 0 , 0 , 0.32476875642343267 , 0 , 0 , 0.22962962962962963 , 0.8571428571428571 , 0 , 0 , 0 , 
1: 0 , 0 , 0 , 0 , 0 , 0 , 0.05434782608695652 , 0.5536105032822757 , 0.01744186046511628 , 0 , 
2: 0 , 0 , 0 , 0 , 0 , 0 , 0 , 0 , 0 , 0 , 0 , 0 , 0 , 0 , 0 , 0 , 0 , 0 , 0 , 0 , 0 , 0 , 0.2430431147736773 , 0 , 0 , 0.002233650199989611 , 0 , 0 , 0 , 0 , 0 , 0 , 
3: 0 , 0 , 0.7900943396226415 , 0 , 0 , 0 , 0 , 
4: 0 , 0 , 0 , 0 , 0 , 0 , 0 , 0 , 0 , 0 , 0 , 0.0036596523330283625 , 0 , 0 , 0 , 0 , 0 , 0 , 0 , 0 , 0 , 0 , 0 , 0 , 0 , 0 , 0 , 0 , 0 , 0 , 0 , 0 , 0.0019265639165911151 , 0 , 
5: 0 , 0 , 0 , 0 , 0 , 0 , 0 , 0 , 0 , 0 , 0 , 0 , 0 , 0 , 0 , 0.4302232854864434 , 0.30786516853932583 , 0 , 0 , 0 , 
6: 0 , 0 , 0 , 0 , 0 , 0 , 0 , 0 , 0 , 0 , 0 , 0 , 0 , 0 , 0 , 0 , 0 , 0 , 0 , 0 , 0 , 0 , 0.22135619641465315 , 0.07894736842105263 , 0 , 0 , 
7: 0 , 0 , 0 , 0 , 0 , 0 , 0 , 0 , 0 , 0 , 0 , 0 , 0 , 0 , 0 , 0 , 0 , 0 , 0 , 0 , 0.017326861854809247 , 0 , 0 , 0 , 0 , 0 , 0.0012580594433086963 , 0 , 0 , 0 , 0 , 
8: 0 , 0 , 0 , 0 , 0 , 0 , 0 , 0 , 0 , 0 , 0 , 0 , 0 , 0 , 0.0071174377224199285 , 0 , 0.04449648711943794 , 0 , 0 , 
9: 0 , 0 , 0 , 0 , 0 , 0 , 0 , 0 , 0 , 0.14285714285714285 , 0 , 0 , 0.04487280771053879 , 0.1941112322791712 , 0 , 
10: 0 , 0 , 0 , 0 , 0 , 0 , 0 , 0 , 0 , 0 , 0 , 0 , 0 , 0 , 0 , 0 , 0 , 0.306368330464716 , 0 , 0 , 0.9173553719008265 , 0 , 0 , 
11: 0 , 0 , 0 , 0 , 0.24489795918367346 , 0.6 , 0 , 0 , 0 , 0 , 0.09615384615384616 , 0.5778781038374717 , 0.03519781718963165 , 0 , 0 , 
12: 0 , 0 , 0 , 0 , 0 , 0 , 0 , 0 , 0 , 0 , 0 , 0 , 0 , 0 , 0 , 0 , 0 , 0 , 0 , 0 , 0 , 0.05047549378200439 , 0 , 0 , 0 , 0 , 0 , 
13: 0 , 0 , 0 , 0 , 0 , 0 , 0 , 0 , 0 , 0 , 0 , 0 , 0 , 0 , 0.001277139208173691 , 0 , 0 , 0 , 
14: 0 , 0 , 0 , 0 , 0 , 0 , 0 , 0 , 0 , 0 , 0 , 0.00048007681228996637 , 0.38305597579425116 , 0 , 0 , 0 , 0 , 0 , 0 , 0 , 0 , 0 , 0 , 
15: 0 , 0 , 0 , 0 , 0 , 0 , 0 , 0 , 0 , 0.01939655172413793 , 0 , 0 , 0 , 0 , 0 , 0 , 0 , 0.5 , 0 , 0 , 0 , 0 , 
16: 0 , 0 , 0 , 2.8380065841752754e-05 , 0 , 0 , 0 , 0 , 0 , 0 , 0 , 0 , 0 , 0 , 0.4859689666556619 , 0 , 0 , 0.008484493856056173 , 
17: 0 , 0 , 0.6247410476472329 , 0 , 0 , 0 , 0 , 0.0011807769512339119 , 0 , 
18: 0 , 0.8125 , 0 , 0 , 0 , 0.003081980686254366 , 0 , 0.6004878048780488 , 0 , 
19: 0 , 0 , 0 , 0 , 0 , 0 , 0 , 0.18985695708712613 , 0 , 0 , 0 , 0 , 0 , 0.0010993037742762918 , 0 , 0 , 0 , 0.48732904263877713 , 0 , 0 , 0 , 0.0040582918280760005 , 0 , 0 , 0 , 0 , 0 , 0 , 0 , 0 , 
20: 0 , 0 , 0 , 0 , 0 , 0 , 0 , 0 , 0 , 0.6178988326848249 , 0 , 0.02406199021207178 , 0 , 0.062065972222222224 , 0.20540540540540542 , 
21: 0 , 0.0007374631268436578 , 0 , 0 , 0 , 0 , 0 , 0.13125 , 0 , 0 , 0 , 0 , 0 , 0.013034410844629822 , 0 , 0 , 0 , 0 , 0 , 0 , 0 , 0.37774263688475984 , 0 , 0 , 0 , 
22: 0 , 0 , 0 , 0 , 0.00997406742469579 , 0 , 0.39391377852916315 , 0 , 0 , 0 , 0.05803571428571429 , 0 , 0 , 0 , 0 , 
23: 0 , 0 , 0 , 0 , 0 , 0 , 0 , 0 , 0 , 0 , 0 , 0.5524179315213554 , 0.19858156028368795 , 0.002339688041594454 , 0.030379746835443037 , 0 , 0 , 0 , 
24: 0 , 0 , 0 , 0 , 0.00039154267815191856 , 0 , 0 , 0 , 0 , 0 , 0 , 0.0006816632583503749 , 0 , 0 , 0 , 0 , 0 , 
25: 0 , 0 , 0 , 0 , 0 , 0.7300846221184709 , 0 , 0 , 0 , 0 , 0.7011494252873564 , 0 , 0.010752688172043012 , 0 , 0.007575757575757576 , 0.08903544929925804 , 
26: 0 , 0 , 0 , 0.9995885338088054 , 0 , 0 , 0 , 0 , 0 , 0 , 
27: 0 , 0 , 0 , 0 , 0 , 0 , 4.1458510395721484e-05 , 0 , 0 , 0 , 0 , 0 , 0 , 0 , 0 , 0.0007190795781399808 , 0 , 0 , 0 , 0 , 0 , 0 , 0 , 0 , 0 , 0 , 
28: 0 , 0 , 0 , 0 , 0 , 0 , 0 , 0 , 0 , 0 , 0.003395585738539898 , 0 , 0 , 0 , 0 , 0 , 0 , 0 , 0 , 0 , 0 , 
29: 0 , 0 , 0 , 0 , 0 , 0 , 0 , 0 , 0 , 0 , 0 , 0 , 0 , 0 , 0 , 0 , 0 , 0 , 0 , 0.0034383954154727794 , 0 , 0.2630928853754941 , 0 , 0 , 0 , 
30: 0 , 0 , 0 , 0 , 0 , 0.9411764705882353 , 0.8653846153846154 , 0 , 
31: 0 , 0 , 0.0012221203788573174 , 0 , 0 , 0 , 0 , 0 , 0 , 0 , 0 , 0 , 0.569620253164557 , 0 , 0 , 0 , 0.326078431372549 , 0 , 0 , 0 , 0 , 0 , 
32: 0 , 0.7257383966244726 , 0 , 0 , 0 , 0 , 0 , 0 , 0 , 0 , 0.005242463958060288 , 0 , 0.1806981519507187 , 0.3824175824175824 , 0 , 
33: 0 , 0 , 0 , 0 , 0 , 0 , 0 , 0.04216867469879518 , 0.014914243102162566 , 0 , 0 , 0 , 0 , 0 , 0.23892120571126388 , 0 , 
34: 0 , 0 , 0 , 0 , 0 , 0 , 0 , 0.010351966873706004 , 0.7021276595744681 , 0 , 0 , 0 , 0 , 0 , 0 , 0 , 0 , 0 , 0 , 0 , 0.00457347385166037 , 
35: 0 , 0 , 0 , 0 , 0 , 0 , 0 , 0 , 0 , 0 , 0.0014140938015555031 , 0 , 0 , 0 , 
36: 0 , 0 , 0 , 0.7809030347890451 , 0 , 0 , 0 , 0 , 0 , 
37: 0 , 0 , 0 , 0 , 0 , 0 , 0 , 0 , 0 , 0 , 0 , 0.910355486862442 , 0 , 0 , 
38: 0 , 0 , 0.0027846534653465345 , 0 , 0 , 0 , 0 , 0 , 0.9176470588235294 , 0 , 0 , 0 , 0 , 0 , 
39: 0 , 0 , 0 , 0 , 0.21631388745482705 , 0 , 0 , 0.0022624434389140274 , 0 , 0 , 0.98951703481842 , 0 , 0 , 0 , 0 , 
40: 0 , 0 , 0 , 0 , 0 , 0.6153846153846154 , 0 , 0 , 0 , 0 , 0 , 0.006893580353295993 , 0 , 0.2782174486527228 , 0 , 0 , 0 , 0 , 0 , 
41: 0 , 0 , 0 , 0 , 0 , 0 , 0 , 0 , 0 , 0 , 0 , 0.0799761857511411 , 0 , 0 , 0 , 0 , 0 , 0 , 0 , 0 , 0 , 0 , 0 , 0 , 
42: 0 , 0 , 0 , 0 , 0 , 0 , 0 , 0 , 0 , 0 , 0 , 0 , 0 , 0 , 0 , 0 , 0 , 0 , 0 , 0 , 0.37135036496350365 , 0 , 0 , 0 , 0 , 0 , 0 , 
43: 0 , 0 , 0 , 0 , 0 , 0 , 0 , 0 , 0 , 0.009036144578313253 , 0 , 0 , 0 , 0 , 0 , 0 , 0 , 0 , 0 , 0 , 0 , 0 , 0 , 0 , 0.4799122604479335 , 0 , 0 , 0.00878048780487805 , 0 , 0 , 
44: 0 , 0 , 0.11538461538461539 , 0 , 0 , 0.005188516084399862 , 0 , 0 , 0.3935483870967742 , 0 , 0 , 0 , 
45: 0 , 0 , 0 , 0 , 0 , 0 , 0 , 0.22832369942196531 , 0 , 0 , 0 , 0 , 0 , 0 , 0 , 0 , 0 , 0 , 0 , 0 , 0.01044030866999546 , 0 , 0 , 0 , 0.004807692307692308 , 0 , 
46: 0 , 0 , 0 , 0 , 0 , 1.0 , 0 , 0 , 0.9445337620578779 , 0 , 0 , 0 , 0 , 
47: 0 , 0 , 0 , 0 , 0 , 0 , 0.0017605633802816902 , 0 , 0 , 0.0008410428931875525 , 0 , 0 , 
48: 0 , 0.008083689966714217 , 0.2504638218923933 , 0 , 0 , 0 , 0 , 0 , 0 , 0.0005065856129685917 , 0.4063222821896685 , 0 , 0 , 0 , 0 , 0 , 0.37751004016064255 , 0 , 0 , 
49: 0 , 0 , 0 , 0 , 0 , 0 , 0 , 0 , 0.000922722029988466 , 0 , 0 , 0 , 0 , 0.5022187418428609 , 0 , 0 , 
50: 0 , 0 , 0 , 0 , 0 , 0 , 0 , 0 , 0.009131156613171001 , 0.6715665686686266 , 0 , 0.7462817147856518 , 0 , 
51: 0 , 0 , 0 , 0 , 0 , 0 , 0 , 0 , 0.009124087591240875 , 0 , 0 , 0 , 0 , 0 , 0 , 0 , 0 , 0 , 0 , 0 , 0 , 0 , 0 , 
52: 0 , 0 , 0 , 0 , 0 , 0 , 0 , 0 , 0 , 0 , 0 , 0 , 0.0003450357974639869 , 0 , 0 , 0 , 0 , 0 , 0 , 0 , 0.10526315789473684 , 0 , 
53: 0 , 0 , 0 , 0 , 0 , 0 , 0 , 
54: 0 , 0 , 0 , 0 , 0 , 0 , 0 , 0 , 0 , 0.8054094665664914 , 0 , 0 , 0 , 0 , 0 , 
55: 0 , 0 , 0 , 0 , 0 , 0 , 0.0019646365422396855 , 0 , 0 , 0 , 0 , 0 , 0 , 0 , 0 , 0.01729106628242075 , 0.02279102384291725 , 0 , 0 , 0 , 
56: 0 , 0 , 0 , 0 , 0 , 0 , 0 , 0 , 0.26544992491625274 , 0 , 0 , 0 , 0 , 0 , 0 , 0.006837606837606838 , 0 , 0.45 , 0 , 0.0036275695284159614 , 0 , 
57: 0 , 0 , 0 , 0 , 0.01556420233463035 , 0 , 0 , 0 , 0 , 0.000947268708556994 , 0 , 0 , 0 , 0 , 0.27034482758620687 , 0 , 0 , 0 , 0 , 
58: 0 , 0 , 0 , 0 , 0 , 0 , 0 , 0 , 0 , 0 , 0 , 0 , 0.3677712800519818 , 0 , 0 , 0 , 0.32 , 0 , 0 , 0 , 0 , 
59: 0 , 0 , 0 , 0.11281489594742607 , 0.8338430173292558 , 0 , 0 , 0 , 
60: 0 , 0 , 0 , 0 , 0 , 0 , 0 , 0 , 0 , 0 , 0 , 0 , 0 , 0 , 0 , 0 , 0 , 0.014895330112721417 , 0 , 0.36695652173913046 , 0 , 0 , 0 , 0 , 
61: 0 , 0 , 0 , 0 , 0.5362588322796579 , 0.35141800246609123 , 0.02038216560509554 , 0.5739130434782609 , 
62: 0 , 0 , 0 , 0 , 0 , 0 , 0 , 0 , 0 , 0 , 0 , 0.40591658583899126 , 0 , 0 , 0.17557251908396945 , 0 , 0 , 0 , 0 , 0 , 0 , 
63: 0 , 0 , 0 , 0.0015667841754798276 , 0 , 0.4171402931498654 , 0 , 0 , 
64: 0 , 0 , 0 , 0 , 0 , 0.018406854966677245 , 0 , 0.005202913631633715 , 0.009259259259259259 , 0 , 0 , 0.06875662577616234 , 0 , 0 , 0.06838799720865317 , 0 , 
65: 0 , 0 , 0 , 0 , 0 , 0 , 0 , 0 , 0 , 0 , 0 , 0 , 0 , 0 , 0 , 0 , 0 , 0 , 0 , 0 , 0 , 0 , 0 , 0 , 0.9547152194211018 , 0 , 0 , 0 , 0.013473930872876391 , 0.20308483290488433 , 0 , 0 , 
66: 0 , 0 , 0 , 0 , 0 , 0 , 0 , 0 , 0 , 0 , 0.36382322713257964 , 0 , 0 , 0 , 0.7088235294117647 , 0.005113636363636364 , 0 , 0.0036188178528347406 , 0 , 0 , 
67: 0 , 0 , 0 , 0 , 0 , 0.0007352941176470588 , 0 , 0 , 0 , 0 , 0 , 0 , 0 , 0.599120556980579 , 0 , 0 , 0 , 0.05802603036876356 , 0.00018909549322407816 , 0 , 
68: 0 , 0 , 0 , 0 , 0 , 0 , 0 , 0 , 0 , 0 , 0 , 0 , 0 , 0 , 0 , 0 , 0 , 0.2388859132297804 , 0 , 0 , 0 , 0 , 
69: 0 , 0 , 0 , 1.0 , 0 , 0.0009933774834437086 , 0.48408710217755446 , 0 , 0 , 0.1387900355871886 , 
70: 0 , 0 , 0 , 0 , 0 , 0 , 0 , 0 , 0 , 0 , 0 , 0 , 0 , 0 , 0 , 0 , 0.00035075412136092597 , 0 , 0 , 0 , 0 , 0 , 0 , 0 , 0 , 0 , 0 , 
71: 0 , 0 , 0 , 0 , 0 , 0 , 0 , 0 , 0 , 0 , 0 , 0 , 0 , 0 , 0.3043062200956938 , 0 , 0 , 0.04743083003952569 , 0.27496757457846954 , 
72: 0 , 0 , 0 , 0 , 0 , 0 , 0 , 0 , 0 , 0 , 0 , 0 , 0 , 0 , 0.349721007389534 , 0 , 0 , 0 , 0 , 0 , 0 , 0 , 0 , 0 , 
73: 0 , 0 , 0.3175591531755915 , 0.00046816479400749064 , 0 , 0.34210526315789475 , 0 , 
74: 0 , 0 , 0.23502994011976047 , 0 , 0 , 0 , 0 , 0.34381858083394295 , 0 , 0.2420080784766301 , 0 , 0 , 0.5356890459363958 , 0 , 
75: 0 , 0 , 0 , 0 , 0 , 0 , 0 , 0 , 0 , 0 , 0 , 0.2885326757090012 , 0 , 0 , 0 , 0 , 
76: 0 , 0 , 0 , 0 , 0 , 0 , 0 , 0 , 0 , 0 , 0 , 0 , 0 , 0 , 0 , 0 , 0 , 0 , 0.0049504950495049506 , 0 , 0 , 0 , 0 , 0 , 0 , 0 , 0 , 0 , 0 , 
77: 0 , 0 , 0 , 0 , 0 , 0 , 2.0960405793456162e-05 , 0 , 0 , 0 , 0 , 0 , 0.4388888888888889 , 0 , 0 , 0 , 0 , 0 , 0.0010695187165775401 , 0 , 0 , 0.005497481449385257 , 0 , 0 , 0.012081274025260845 , 0 , 
78: 0 , 0.0030075187969924814 , 0 , 0 , 0 , 0.006602336211274758 , 0 , 0 , 0 , 0.3056746532156368 , 
79: 0 , 0 , 0 , 0 , 0 , 0 , 0.44881889763779526 , 0 , 0 , 0.42249449339207046 , 0.3017306245297216 , 0 , 0 , 0 , 0 , 0 , 0 , 0 , 
80: 0 , 0 , 0 , 0 , 0 , 0 , 0 , 0 , 0 , 0 , 0 , 0.000543773790103317 , 0 , 0 , 0 , 0.28237986270022886 , 0 , 0 , 0 , 0 , 
81: 0 , 0 , 0 , 0 , 0 , 0 , 0 , 0 , 0 , 0 , 0.4583333333333333 , 0 , 0 , 0 , 
82: 0 , 0 , 0 , 0 , 0 , 0 , 0 , 0.030295913574448097 , 0.5238095238095238 , 0 , 0.6523109243697479 , 0 , 
83: 0 , 0 , 0 , 0 , 0 , 0 , 0 , 0 , 0 , 0 , 0 , 0 , 0 , 0 , 0.009520682862770847 , 0 , 0 , 0 , 0 , 0.005257228689447991 , 0 , 
84: 0 , 0.5072314049586777 , 0 , 0 , 0 , 0.35246967071057195 , 0.18867924528301888 , 0 , 0.2653061224489796 , 0 , 
85: 0 , 0 , 0 , 0 , 0 , 0 , 0 , 0 , 0 , 0.0035294117647058825 , 0 , 0 , 0 , 0 , 0 , 0 , 0 , 0 , 0 , 0 , 0 , 0 , 0 , 0 , 0 , 0 , 0 , 
86: 0 , 0 , 0 , 0 , 0 , 0 , 0 , 0 , 0 , 0 , 0 , 0.018518518518518517 , 0 , 0 , 0.001637331150225133 , 0 , 0 , 0 , 0 , 0 , 0 , 0 , 0 , 0 , 0 , 0 , 0 , 0 , 0.015080603224128965 , 0 , 
87: 0 , 0 , 0 , 0 , 0 , 0 , 0.0009448931201083953 , 0 , 0 , 0 , 0 , 0 , 0 , 0 , 0 , 0 , 0 , 0 , 0 , 0 , 0 , 0 , 0 , 0 , 0.002026635784597568 , 0 , 0 , 0 , 0 , 0.006954689146469968 , 0 , 0 , 0 , 0 , 0 , 0 , 
88: 0 , 0 , 0 , 0 , 0 , 0 , 0 , 0 , 0 , 0 , 0 , 0 , 0 , 0 , 0 , 0 , 0 , 0 , 0 , 0.9974236290025764 , 0 , 0 , 0 , 0 , 0.0013175230566534915 , 0 , 
89: 0 , 0 , 0 , 0.2235294117647059 , 0.4895833333333333 , 0.6747252747252748 , 0 , 0 , 0 , 
90: 0 , 0 , 0 , 0 , 0 , 0 , 0 , 0 , 0 , 0.019150209455415918 , 0 , 0 , 0.0741747572815534 , 0 , 0 , 0.020942408376963352 , 0 , 0 , 
91: 0 , 0 , 0 , 0 , 0 , 0 , 0.001232589670898558 , 0 , 0.12794875800656147 , 0 , 0.31929347826086957 , 0 , 
92: 0 , 0 , 0 , 0 , 0 , 0 , 0 , 0 , 0.00014912019087384433 , 0 , 0 , 0 , 0 , 0 , 0 , 0 , 0 , 0 , 0.7383695170580417 , 0 , 0 , 0.4824976348155156 , 0.004504694143897613 , 
93: 0 , 0 , 0 , 0 , 0 , 0 , 0 , 0 , 0 , 0 , 0 , 0 , 0 , 0 , 0 , 0 , 0 , 0.05405405405405406 , 0.00030436767615279255 , 0 , 
94: 0 , 0 , 0 , 0 , 0 , 0 , 0 , 0 , 0 , 0 , 0 , 0 , 0 , 0 , 0.8525969275786394 , 0 , 0 , 0 , 0 , 0 , 0.05282867460211315 , 0 , 0 , 0 , 
95: 0 , 0 , 0 , 0 , 0 , 0 , 0.0009578544061302681 , 0 , 0 , 0 , 0 , 0 , 0 , 0 , 0 , 0 , 0 , 0 , 0 , 0 , 0.17391304347826086 , 0 , 0 , 0.4490126254451279 , 0 , 0 , 0 , 0.02825308396339037 , 0 , 0 , 
96: 0 , 0 , 0 , 0 , 0 , 0 , 0 , 0 , 0 , 0 , 0 , 0 , 0.0018587360594795538 , 0 , 0 , 0 , 0.783641160949868 , 0 , 0 , 0 , 0 , 0 , 
97: 0 , 0 , 0 , 0 , 0 , 0 , 0 , 0 , 0 , 0 , 0 , 0 , 0 , 0 , 0 , 0 , 0 , 0 , 0 , 0 , 0 , 0 , 0 , 0 , 0.30923076923076925 , 0.00013792152265361008 , 0 , 0 , 0 , 
98: 0 , 0 , 0 , 0 , 0 , 0 , 0.009681881051175657 , 0 , 0 , 0 , 0 , 0.47210526315789475 , 0 , 0 , 0 , 0 , 
99: 0 , 0 , 0 , 0 , 0.3432080924855491 , 0 , 0.9002359285473542 , 0 , 0.008040201005025126 , 0.473109243697479 , 0 , 
100: 0 , 0 , 0 , 0 , 0 , 0.005917159763313609 , 0 , 0 , 0 , 0 , 0 , 0 , 0 , 0 , 0.012987012987012988 , 0 , 0.4289919058130979 , 0 , 0 , 0 , 0 , 
101: 0 , 0 , 1.0 , 0 , 0 , 0 , 0 , 0 , 0.45558086560364464 , 0.7516556291390728 , 0 , 0.2398190045248869 , 0 , 0 , 
102: 0 , 0 , 0 , 0 , 0 , 0.0010118897040222615 , 0 , 0 , 0.8105590062111802 , 0 , 0 , 0.007194244604316547 , 0 , 0 , 
103: 0 , 0 , 0 , 0 , 0 , 0 , 0.26371811341530554 , 0 , 0.12 , 0 , 0 , 0 , 0 , 0 , 0 , 0 , 0 , 0 , 0 , 0 , 0 , 0 , 0 , 0 , 0 , 0 , 0 , 0 , 0 , 0 , 0 , 0 , 0 , 0 , 
104: 0 , 0 , 0.05713020372010629 , 0 , 0 , 0.9454990814451929 , 0 , 0 , 0 , 0 , 0 , 
105: 0 , 0 , 0 , 0 , 0 , 0 , 0 , 0 , 0 , 0 , 0 , 0 , 0.5700787401574803 , 0 , 0 , 0.008038585209003215 , 0 , 0 , 0 , 
106: 0 , 0 , 0 , 0 , 0 , 0 , 
107: 0 , 0 , 0 , 0 , 0 , 0 , 0 , 0 , 0 , 0 , 0 , 0.0023112480739599386 , 0 , 0 , 0.02224633749321758 , 0.6750298685782556 , 0.417910447761194 , 0 , 
108: 0 , 0 , 0 , 0 , 0 , 0 , 0 , 0.0004734848484848485 , 0 , 0.046381243628950054 , 0 , 0 , 0 , 0 , 0 , 0 , 0 , 0 , 0 , 0.4146617605434475 , 0 , 0 , 0 , 0.0014619883040935672 , 0 , 0 , 0 , 0 , 
109: 0 , 0 , 0 , 0 , 0 , 0 , 0 , 0 , 0 , 0 , 0 , 0 , 0 , 0 , 0 , 0 , 0 , 0 , 0 , 0 , 0.16141514648977334 , 0 , 0 , 0 , 0 , 
110: 0 , 0 , 0 , 0 , 0.00425531914893617 , 0 , 0 , 0 , 0 , 0 , 0 , 0 , 0 , 0.7290385237941082 , 0 , 0 , 0 , 0 , 0 , 0 , 0 , 
111: 0 , 0 , 0 , 0.026752767527675275 , 0 , 0 , 0 , 0 , 0 , 0 , 0 , 0 , 0 , 0 , 0 , 0 , 0 , 0 , 0.0037641154328732747 , 0.19838709677419356 , 0 , 0 , 0 , 
112: 0 , 0 , 0 , 0 , 0 , 0 , 0 , 0 , 0 , 0 , 0 , 0 , 0 , 0 , 0 , 0 , 0 , 0 , 0 , 0.13548387096774195 , 0 , 0 , 0 , 0 , 0.0051876716509002135 , 0 , 0 , 0 , 0 , 0 , 0 , 0 , 0 , 
113: 0 , 0 , 0.015410597424530293 , 0 , 0 , 0 , 0 , 0 , 0.21235955056179776 , 0.10067114093959731 , 0 , 0 , 0 , 0.0004484304932735426 , 0 , 0.7583572110792741 , 0 , 0 , 0 , 0 , 0 , 
114: 0 , 0 , 0 , 0 , 0.005333333333333333 , 0.45551257253384914 , 0 , 0 , 
115: 0 , 0 , 0 , 0 , 0 , 0 , 0.0027755749405233942 , 0 , 0.591010235870049 , 0.0775462962962963 , 0 , 0 , 0 , 0 , 
116: 0 , 0 , 0 , 0 , 0 , 0 , 0.0014727540500736377 , 0 , 0 , 0 , 0.032448377581120944 , 0 , 0 , 0 , 0 , 0 , 0 , 0 , 
117: 0 , 0 , 0 , 0.176033934252386 , 0.078627280625543 , 0.019246190858059342 , 0.1262135922330097 , 0.7551164431898377 , 0 , 0.27899686520376177 , 
118: 0 , 0 , 0 , 0 , 0 , 0 , 0 , 0 , 0 , 0 , 0 , 0 , 0 , 0.06483790523690773 , 0 , 0 , 0 , 0.41093337474763164 , 
119: 0 , 0 , 0 , 0.0005602240896358543 , 0 , 0 , 0.23339502364795395 , 0 , 0.025232403718459494 , 0.0392156862745098 , 0 , 0 , 0 , 0 , 0 , 
120: 0 , 0 , 0 , 0 , 0 , 0 , 0.17164179104477612 , 0 , 0 , 0 , 0 , 0.23954372623574144 , 0.6680678576790272 , 0 , 
121: 0 , 0 , 0 , 0 , 0.06894150417827298 , 0 , 0.00430416068866571 , 0.24492234169653523 , 0.01282051282051282 , 0 , 0 , 0 , 0 , 0 , 0 , 0 , 0.016512549537648614 , 
122: 0 , 0.14102564102564102 , 0 , 0 , 0 , 0 , 0 , 0 , 0.8961038961038961 , 0.26862846325933576 , 0 , 0 , 0 , 0 , 0 , 0 , 0 , 0 , 0 , 0.08513657325292658 , 0 , 0 , 
123: 0 , 0 , 0.020161290322580645 , 0.0009583133684714902 , 0.6003865149237707 , 0.09523809523809523 , 0 , 0 , 0 , 
124: 0 , 0.028680688336520075 , 0.6701298701298701 , 0.4925124792013311 , 0.5399149740198393 , 0.26157407407407407 , 0.004635761589403974 , 0 , 0.6868421052631579 , 
125: 0 , 0 , 0 , 0 , 0 , 0 , 0 , 0.35 , 0 , 0 , 0 , 0 , 0.04072398190045249 , 0.3052199680875313 , 0 , 0 , 0 , 
126: 0 , 0 , 0 , 0 , 0 , 0 , 6.0131085766972e-05 , 0 , 0 , 0 , 0 , 0 , 0.0017779533781114183 , 0 , 0 , 0 , 0.09895833333333333 , 0 , 0 , 0 , 0 , 0 , 0 , 0 , 0 , 0 , 0 , 
127: 0 , 0 , 0 , 0 , 0 , 0 , 0 , 0 , 0 , 0 , 0 , 0 , 0 , 0 , 0 , 0 , 0 , 0.001832940560356114 , 0 , 0 , 0 , 0 , 0 , 0 , 0 , 0.0014114326040931546 , 0 , 0 , 0.0012531328320802004 , 0 , 0 , 0 , 
128: 0 , 0.584873949579832 , 0 , 0 , 0 , 0 , 0 , 0 , 0 , 0 , 0 , 0 , 0 , 0 , 0 , 0 , 0.33202202989771834 , 0 , 0 , 0 , 
129: 0 , 0 , 0 , 0 , 0 , 0 , 0 , 0 , 0 , 0 , 0 , 0 , 0 , 0 , 0 , 0.7406409104522312 , 0 , 0 , 0 , 0 , 0 , 0 , 0 , 
130: 0 , 0 , 0.07289927657206455 , 0 , 0 , 0 , 0 , 0 , 0 , 0 , 0 , 0 , 0 , 0 , 0 , 0 , 0 , 0 , 0 , 0.49384558000745993 , 0 , 0 , 0 , 0 , 0 , 0 , 0 , 
131: 0 , 0 , 0 , 0 , 0 , 0.04016844833171364 , 0 , 0.14653641207815277 , 0 , 0 , 0 , 0 , 0 , 0 , 0 , 0 , 0 , 0.017487046632124352 , 0 , 0 , 0 , 0 , 0 , 0 , 
132: 0 , 0 , 0 , 0 , 0 , 0 , 0 , 0 , 0 , 0 , 0 , 0 , 0 , 0 , 0 , 0 , 0 , 0 , 0 , 0 , 0 , 0 , 0 , 0.389941012108041 , 0 , 0.6865671641791045 , 
133: 0 , 0 , 0 , 0.036684782608695655 , 0 , 0 , 0 , 0 , 0 , 0 , 0.47962510187449064 , 0 , 0 , 
134: 0 , 0 , 0 , 0 , 0 , 0 , 0 , 0 , 0 , 0 , 0 , 0 , 0 , 0.0006329113924050633 , 0 , 0 , 0.09090909090909091 , 0 , 
135: 0 , 0 , 0 , 0 , 0 , 0.038461538461538464 , 0 , 0 , 0 , 0.24831168831168832 , 0 , 0 , 0 , 0 , 0 , 0 , 0 , 
136: 0 , 0 , 0 , 0.4821638573108585 , 0.24461343472750316 , 0.046511627906976744 , 0.9848345588235294 , 0 , 
137: 0 , 0 , 0 , 0 , 0 , 0 , 0 , 0 , 0 , 0 , 0 , 0 , 0 , 0 , 0 , 0 , 0 , 0 , 0.0011641443538998836 , 0 , 0 , 0 , 0 , 0 , 0 , 0 , 0 , 0 , 0 , 0 , 0 , 
138: 0 , 0 , 0 , 0 , 0 , 0 , 0 , 0 , 0 , 0 , 0 , 0 , 0 , 0 , 0 , 0 , 0.3333333333333333 , 0 , 0 , 0 , 0.00422237860661506 , 0 , 0 , 0 , 0 , 
139: 0 , 0.4528301886792453 , 0 , 0 , 0 , 0 , 0 , 0 , 0 , 0 , 0.48723205964585276 , 0 , 0 , 0 , 0 , 0 , 0 , 0 , 0.2549019607843137 , 0 , 0 , 0 , 0.001557632398753894 , 0 , 
140: 0 , 0 , 0 , 0 , 0.0011229646266142617 , 0 , 0.17216523426670363 , 0 , 0 , 0.014952153110047847 , 0.038135593220338986 , 0.0006091989034419738 , 0.008275862068965517 , 0.004336513443191674 , 0 , 
141: 0 , 0 , 0 , 0 , 0 , 0.0005931198102016608 , 0 , 0 , 0 , 0.031879194630872486 , 0 , 0.01818181818181818 , 0.47761194029850745 , 0.021166306695464362 , 
142: 0 , 0 , 0 , 0 , 0 , 0 , 0 , 0 , 0.06722689075630252 , 0.664274322169059 , 0 , 0 , 0 , 0 , 0 , 0 , 
143: 0 , 0 , 0 , 0 , 0 , 0 , 0 , 0 , 0 , 0 , 0 , 0 , 0.00277623542476402 , 0.3492600422832981 , 0 , 0.01466275659824047 , 0 , 
144: 0 , 0 , 0 , 0 , 0.44642857142857145 , 0 , 0.0010319917440660474 , 0.6877994839660893 , 0 , 0.020627062706270627 , 0 , 0 , 
145: 0 , 0 , 0 , 0 , 0 , 0 , 0 , 0 , 0 , 0.18484848484848485 , 0.0005817335660267597 , 0 , 
146: 0 , 0 , 0 , 0 , 0.3684210526315789 , 0 , 0 , 0.02049530315969257 , 0 , 0 , 0 , 0.029601029601029602 , 0 , 0.042735042735042736 , 0.000931098696461825 , 0 , 0 , 0.37910447761194027 , 0 , 0 , 0 , 0 , 
147: 0 , 0 , 0 , 0 , 0 , 0 , 0 , 0 , 0 , 0 , 0 , 0 , 0 , 0.035064845947986 , 0 , 0.0007892659826361484 , 0 , 0 , 0.4275023386342376 , 0.42727272727272725 , 
148: 0 , 0 , 0 , 0 , 0 , 0 , 0 , 0 , 0 , 0 , 0 , 0 , 0 , 0 , 0 , 0.00874224478285392 , 0 , 0.0012836001208094232 , 0 , 0 , 0 , 0 , 
149: 0 , 0.4098360655737705 , 0 , 0.0011198208286674132 , 0 , 0.4520547945205479 , 0 , 0 , 0 , 0 , 0 , 0 , 0 , 0.4751178627553693 , 0.008616047388260635 , 0 , 0 , 0 , 
150: 0 , 0 , 0 , 0 , 0 , 0 , 0 , 0 , 0 , 0 , 0 , 0 , 0.0012264922322158627 , 0 , 0 , 0.5490304709141274 , 0 , 0 , 0 , 0 , 0 , 0 , 0 , 
151: 0 , 0 , 0 , 0 , 0 , 0 , 0 , 0 , 0 , 0 , 0.0056212164889017004 , 0 , 0 , 0.31237322515212984 , 0 , 0 , 0 , 0 , 0 , 0 , 0 , 0 , 0 , 0 , 0 , 0 , 0 , 
152: 0 , 0 , 0 , 0 , 0 , 0 , 0 , 0 , 0.0033734939759036144 , 0 , 0 , 0.010079193664506839 , 0 , 0 , 0 , 0.4099009900990099 , 0 , 0 , 
153: 0 , 0 , 0 , 0.6328671328671329 , 0 , 0 , 0 , 0 , 0 , 0.0023846261747790714 , 0 , 0 , 0 , 0.21428571428571427 , 0.23798266351457842 , 0 , 0 , 0 , 0 , 0 , 0 , 0 , 
154: 0 , 0 , 0 , 0 , 0 , 0 , 0 , 0 , 0 , 0 , 0 , 0 , 0 , 0 , 0 , 0.1662345145491213 , 0.004527447651386531 , 0 , 0 , 0 , 0 , 0 , 
155: 0 , 0 , 0.9892183288409704 , 0 , 0 , 0 , 0 , 0 , 
156: 0 , 0.00846262341325811 , 0 , 0 , 0 , 0 , 0 , 0 , 0 , 0 , 0 , 0 , 0.011902037079423208 , 0 , 0 , 0 , 0 , 0 , 0 , 0.003505933117583603 , 0 , 0 , 0 , 0.00046125461254612545 , 0 , 0 , 
157: 0 , 0 , 0 , 0 , 0 , 0 , 0 , 0 , 0 , 0 , 0 , 0 , 0 , 0 , 0 , 0 , 0 , 0 , 0 , 0 , 0 , 0 , 0 , 0.9675984752223634 , 0 , 0 , 0.02621848739495798 , 0 , 0 , 0 , 0 , 0 , 0 , 0 , 0 , 0 , 
158: 0 , 0 , 0.05263157894736842 , 0.791095890410959 , 0 , 0 , 0 , 
159: 0 , 0 , 0 , 0 , 0 , 0 , 0 , 0.01288659793814433 , 0.04611973392461197 , 0.3374578177727784 , 0 , 0 , 0 , 0 , 0 , 0 , 0 , 0 , 
160: 0 , 0 , 0 , 0 , 0.0011179429849077697 , 0 , 0 , 0 , 0.0008532423208191126 , 0 , 0.045298344267416434 , 0 , 0.42097488921713444 , 0 , 0 , 0 , 0 , 0 , 0 , 0 , 0 , 
161: 0 , 0 , 0.9723735408560311 , 0 , 0 , 0 , 0 , 
162: 0 , 0 , 0 , 0 , 0 , 0 , 0 , 0 , 0 , 0.23421354764638347 , 0.0008726003490401396 , 0.003155237694572991 , 0.007462686567164179 , 
163: 0 , 0.7037037037037037 , 0 , 0.4393939393939394 , 0 , 0 , 0 , 0 , 0 , 0 , 0.3806960199961546 , 0.0427807486631016 , 0.010296010296010296 , 0 , 0 , 
164: 0 , 0 , 0.004576113640155397 , 0 , 0.3650190114068441 , 0.21236012207527977 , 0.23273657289002558 , 0 , 0 , 0 , 0.1360824742268041 , 0 , 
165: 0 , 0 , 0.0009779951100244498 , 0 , 0 , 0 , 0 , 0 , 0 , 
166: 0 , 0 , 0 , 0 , 0 , 0 , 0 , 0 , 0 , 0 , 0 , 0 , 0 , 0 , 0 , 0 , 0 , 0 , 0 , 0 , 0 , 0.0002781254345709915 , 
167: 0 , 0 , 0 , 0 , 0 , 0 , 0 , 0 , 0.018942383583267563 , 0 , 0 , 0.028552456839309428 , 0 , 0 , 0 , 0 , 0 , 0 , 0 , 0.3 , 0 , 0.024326101249178174 , 0 , 
168: 0 , 0 , 0 , 0 , 0 , 0 , 0 , 0 , 0 , 0.0008019246190858059 , 0 , 0 , 0 , 0 , 0 , 0 , 0 , 0 , 0 , 0 , 0 , 0 , 0.012258567306274617 , 0 , 0 , 0 , 
169: 0 , 0 , 0 , 0 , 0.16243654822335024 , 0 , 0 , 0.23055952226405296 , 0 , 0 , 0.0069124423963133645 , 0 , 0 , 
170: 0 , 0 , 0 , 0 , 0 , 0 , 0 , 0 , 0.004430811179277437 , 0 , 0 , 0 , 0 , 0.0006747638326585695 , 0 , 0 , 0 , 
171: 0 , 0 , 0 , 0 , 0 , 0 , 0.0470679012345679 , 0 , 0 , 0 , 0.0030120481927710845 , 0 , 0 , 0 , 0 , 0 , 0 , 0 , 0 , 0 , 0 , 0.009375 , 0 , 
172: 0 , 0 , 0 , 0.24553571428571427 , 0.5808091075421834 , 0 , 0 , 0 , 0.13427561837455831 , 0 , 
173: 0 , 0 , 0.001841620626151013 , 0 , 0 , 0 , 0 , 0 , 0 , 0 , 0 , 0 , 0.025949550594375183 , 0 , 0 , 
174: 0 , 0 , 0 , 0 , 0.15086206896551724 , 0 , 0.0482086406743941 , 0.6632996632996633 , 0 , 0 , 
175: 0 , 0 , 0 , 0 , 0 , 0 , 0 , 0 , 0 , 0 , 0 , 0.009006211180124223 , 0.001389854065323141 , 0.0014545454545454545 , 0 , 0 , 0 , 0.10404624277456648 , 0 , 0 , 0 , 
176: 0 , 0.008494572911750826 , 0.020049352251696483 , 0 , 0 , 0 , 0 , 0 , 0.01276595744680851 , 0.5801447776628749 , 
177: 0 , 0 , 0 , 0 , 0 , 0 , 0 , 0 , 0 , 0 , 0 , 0 , 0 , 0 , 0 , 0 , 0 , 0 , 0 , 0 , 0 , 0 , 0.3080286168521463 , 0 , 0 , 0 , 0 , 0 , 0 , 0 , 0 , 0 , 0 , 0 , 0 , 0 , 0 , 0 , 0 , 0 , 
178: 0 , 0 , 0 , 0.46409807355516636 , 0 , 0 , 0 , 0 , 0 , 0 , 0.9270046484601976 , 0 , 0 , 0 , 0 , 0 , 0 , 
179: 0 , 0 , 0 , 0 , 0 , 0 , 0 , 0 , 0 , 0 , 0 , 0 , 0 , 0 , 0 , 0 , 0 , 0.08044382801664356 , 0.5968109339407744 , 0 , 0 , 
180: 0 , 0 , 0 , 0 , 0.0011555604468167062 , 0.5957805907172996 , 0.052894627238650564 , 0.5720930232558139 , 0 , 0 , 
181: 0 , 0 , 0.20202640466687136 , 0 , 0 , 0 , 0 , 0 , 0 , 0 , 0 , 0.032964740246192364 , 
182: 0 , 0 , 0 , 0 , 0 , 0 , 0 , 0 , 0 , 0 , 0 , 0 , 0 , 0 , 0 , 0 , 0 , 0 , 0 , 0.5777007510109763 , 0.010101010101010102 , 0.0005502063273727648 , 0 , 0 , 
183: 0 , 0 , 0 , 0.15 , 0 , 0 , 0 , 0 , 0 , 0 , 0 , 0 , 0.016260162601626018 , 0 , 0 , 0.037383177570093455 , 0 , 0 , 0 , 0 , 0 , 0 , 0 , 
184: 0 , 0 , 0 , 0 , 0 , 0 , 0 , 0 , 0 , 0 , 0 , 0 , 0 , 0 , 0 , 0 , 0 , 0 , 0 , 0 , 0 , 0 , 0.24646162221012521 , 0 , 0 , 0 , 0 , 0 , 0 , 0 , 0 , 
185: 0 , 0 , 0 , 0 , 0 , 0 , 0 , 0 , 0 , 0 , 0 , 0 , 0.04398289554062309 , 
186: 0 , 0 , 0 , 0 , 0 , 0 , 0 , 0 , 0.10462633451957296 , 0 , 0.04277286135693215 , 0 , 0.9848331648129424 , 0 , 0.04087936046511628 , 0 , 0.29724137931034483 , 0 , 0 , 
187: 0 , 0 , 0 , 0 , 0 , 0 , 0 , 0 , 0 , 0 , 0 , 0 , 0 , 0 , 0 , 0 , 0 , 0 , 0 , 0 , 0 , 0 , 0 , 0.013039117352056168 , 0 , 0 , 0 , 0 , 0 , 0 , 0 , 0 , 0 , 0.47285033071835103 , 
188: 0 , 0 , 0 , 0 , 0 , 0 , 0 , 0 , 0 , 0 , 0.022054380664652568 , 0 , 0.003125 , 0 , 0 , 0 , 0.4440750879937427 , 0 , 0 , 0 , 
189: 0 , 0.09269662921348315 , 0 , 0 , 0 , 0 , 0 , 
190: 0 , 0 , 0 , 0.5478260869565217 , 0 , 0.0008658008658008658 , 0 , 0 , 0 , 0 , 0 , 0 , 0 , 0 , 0 , 0 , 0 , 0 , 0 , 0 , 0 , 0 , 0.3598183881952327 , 0 , 0 , 0 , 0.7561625582944703 , 0 , 
191: 0 , 0 , 0 , 0 , 0 , 0 , 0 , 0 , 0.03643461288223813 , 0 , 0 , 0 , 0 , 0 , 0 , 0 , 0 , 0.6910112359550562 , 0.13777777777777778 , 0 , 0 , 0 , 0 , 0 , 
192: 0 , 0 , 0.023067583974099554 , 0 , 0 , 0.13114754098360656 , 0 , 0.00021159542953872197 , 0 , 0 , 0 , 0.027210884353741496 , 0 , 0.06845238095238096 , 
193: 0 , 0.05232558139534884 , 0 , 0.36152219873150104 , 0.590982051656209 , 0 , 0 , 0 , 
194: 0 , 0 , 0 , 0 , 0 , 0 , 0 , 0 , 0 , 0 , 0 , 0 , 0 , 0 , 0 , 0 , 0 , 0 , 
195: 0 , 0 , 0.9236081139404402 , 0 , 0 , 0 , 0.29782923299565844 , 0.02054794520547945 , 0 , 
196: 0 , 0 , 0 , 0 , 0 , 0 , 0 , 0 , 0 , 0 , 0 , 0 , 0 , 0 , 0 , 0 , 0 , 0 , 0 , 0 , 0 , 0.6145679740489531 , 0 , 0 , 0 , 0 , 0 , 0 , 0 , 0 , 0 , 
197: 0 , 0 , 0 , 0 , 0 , 0 , 0.177734375 , 0 , 0 , 0 , 0 , 0 , 0 , 0.5920745920745921 , 0 , 0.4215686274509804 , 0 , 0 , 
198: 0 , 0 , 0 , 0 , 0 , 0 , 0.06658595641646489 , 0 , 0 , 0.03006739243131156 , 0 , 0.7930135557872784 , 0 , 
199: 0 , 0 , 0 , 0 , 0 , 0 , 0.6474164133738601 , 0 , 0 , 0 , 
200: 0 , 0 , 0 , 0 , 0 , 0 , 0 , 0 , 0 , 0 , 0 , 0 , 0 , 0 , 0 , 0 , 0 , 0 , 0.68 , 0 , 0 , 0 , 
201: 0 , 0 , 0 , 0 , 0 , 0 , 0 , 0 , 0 , 0 , 0 , 0 , 0 , 0 , 0 , 0 , 0 , 0 , 0.28841607565011823 , 0 , 0 , 0 , 0 , 0 , 0 , 
202: 0 , 0 , 0 , 0 , 0 , 0 , 0 , 0.47586675730795375 , 0 , 0 , 0 , 0 , 0 , 0 , 0 , 0 , 0 , 0 , 0 , 0 , 0 , 0 , 0 , 0 , 0.02787769784172662 , 0 , 0 , 0 , 0 , 
203: 0 , 0 , 0 , 0 , 0 , 0 , 0 , 0 , 0 , 0 , 0 , 0 , 0 , 0 , 0 , 0 , 0 , 0 , 0 , 0 , 0 , 0.008334247176225463 , 0 , 0 , 
204: 0 , 0 , 0 , 0 , 1.0 , 0 , 0 , 0 , 0 , 
205: 0 , 0.033783783783783786 , 0.22469982847341338 , 0 , 0 , 0 , 0.12490118577075099 , 0.6841432225063938 , 0.0002759153491708744 , 0.02921535893155259 , 0.029221943348870565 , 0 , 
206: 0 , 0 , 0 , 0 , 0 , 0 , 0 , 0 , 0 , 0 , 0 , 0 , 0 , 0 , 0 , 0 , 0 , 0 , 0 , 0.02318840579710145 , 0 , 0 , 0 , 0 , 0 , 0 , 0.1892470051340559 , 0 , 0 , 0 , 0 , 0 , 
207: 0 , 0 , 0 , 0 , 0 , 0 , 0 , 0 , 0 , 0 , 0 , 0 , 0.006318589956767542 , 0 , 0 , 0 , 0 , 0 , 0 , 0 , 0.05287141438336157 , 0 , 0 , 
208: 0 , 0 , 0 , 0 , 0.7506105444620026 , 0 , 0 , 0.45540796963946867 , 0 , 0 , 
209: 0 , 0 , 0.28205128205128205 , 0 , 0 , 0 , 0 , 0 , 0.029197080291970802 , 0 , 0 , 0 , 0 , 0 , 0 , 0 , 0 , 0 , 0.24131499183958965 , 0 , 
210: 0 , 0 , 0 , 0 , 0 , 0 , 0 , 0 , 0.010238907849829351 , 0 , 0 , 0 , 0 , 0 , 0 , 0 , 0 , 0 , 0 , 0 , 0 , 0 , 0 , 0 , 0 , 
211: 0 , 0 , 0 , 0 , 0.6153846153846154 , 0 , 0 , 0 , 0 , 0 , 0 , 0 , 0 , 0 , 0 , 0 , 0.03618350204609089 , 0.1425536024724744 , 0 , 0 , 0 , 0 , 
212: 0 , 0 , 0 , 0 , 0.014341590612777053 , 0 , 0.06097560975609756 , 0 , 0.054249547920433995 , 0 , 0 , 0 , 0.11272141706924316 , 0.013043478260869565 , 0 , 
213: 0 , 0.0005899705014749262 , 0 , 0.3548387096774194 , 0.012168141592920354 , 0.0035587188612099642 , 0.05282375851996105 , 0.743427017225748 , 0 , 0 , 0 , 0 , 
214: 0 , 0 , 0.1007529580494801 , 0 , 0 , 0 , 0 , 0 , 0 , 0 , 0 , 0.19818456883509833 , 0 , 0 , 0.040410132689987936 , 0 , 0 , 
215: 0 , 0 , 0 , 0 , 0 , 0 , 0 , 0 , 0.006644518272425249 , 0 , 0 , 0 , 0.6018411967779056 , 0 , 0 , 0 , 0 , 0 , 0 , 0 , 0.03624511082138201 , 
216: 0 , 0.30526315789473685 , 0 , 0 , 0 , 0.0031007751937984496 , 0 , 0.22916666666666666 , 0.05604483586869496 , 0 , 0 , 0 , 0 , 0 , 0 , 0 , 0 , 0 , 0 , 0 , 0.5378679622749357 , 0 , 0 , 
217: 0 , 0 , 0 , 0 , 0 , 0 , 0 , 0 , 0 , 0 , 0 , 0 , 0.25 , 0 , 0 , 0 , 0 , 0 , 0 , 0.0004152823920265781 , 0 , 0 , 0 , 0 , 0.27094027795167147 , 0 , 0 , 0 , 0 , 0 , 0 , 0 , 0 , 0.376220562894888 , 0 , 0 , 0 , 
218: 0 , 0 , 0 , 0 , 0 , 0.0018599707718878703 , 0 , 0 , 0.35185185185185186 , 0 , 0 , 0 , 0 , 0 , 0 , 0 , 0.06199460916442048 , 
219: 0 , 0 , 0 , 0.0005578800557880056 , 0 , 0.00277975766215253 , 0.0011350737797956867 , 0.28041901692183724 , 0 , 0 , 
220: 0 , 0 , 0.0033333333333333335 , 0.19333333333333333 , 0 , 0 , 0 , 0 , 0 , 0 , 0.5627283800243605 , 0.03336653386454183 , 0 , 
221: 0 , 0 , 0 , 0 , 0 , 0 , 0 , 0 , 0 , 0 , 0 , 0 , 0 , 0 , 0 , 0 , 0 , 0.3021978021978022 , 0.5617977528089888 , 
222: 0 , 0 , 0 , 0.02216389617964421 , 0 , 0 , 0 , 0.0160857908847185 , 0.42564991334488733 , 0 , 0 , 0 , 
223: 0 , 0 , 0.2288261515601783 , 1.0 , 0.07471264367816093 , 0 , 0 , 0 , 
224: 0 , 0 , 0 , 0 , 0 , 0 , 0 , 0 , 0 , 0 , 0.5169664758789861 , 0 , 0 , 0 , 0 , 0 , 0 , 0 , 0 , 
225: 0 , 0 , 0 , 0 , 0 , 0 , 0 , 0 , 0.17677474954217387 , 0 , 0.001955512099731117 , 0.2583081570996979 , 0 , 
226: 0 , 0 , 0 , 0.0319634703196347 , 0.05171645118145341 , 0 , 0 , 0 , 0 , 0 , 0 , 0 , 0 , 0.3693230505569837 , 
227: 0 , 0 , 0 , 0 , 0 , 0 , 0.11561691113028473 , 0.5526565464895635 , 0 , 0 , 
228: 0 , 0.4931506849315068 , 0.45574912891986064 , 0.005649717514124294 , 0.004712041884816754 , 0 , 0.05899900563473649 , 0.02109704641350211 , 
229: 0 , 0 , 0 , 0 , 0 , 0 , 0 , 0 , 0.0012586532410320957 , 0 , 0 , 0 , 0.2292418772563177 , 0 , 0 , 0 , 0 , 
230: 0 , 0 , 0 , 0.09876543209876543 , 0 , 0 , 0 , 0 , 0 , 0 , 0 , 0.49242618741976896 , 0 , 0 , 0 , 0 , 0 , 
231: 0 , 0 , 0 , 0 , 0 , 0 , 0 , 0 , 0 , 0 , 0 , 0 , 0 , 0 , 0 , 0 , 0 , 0.02236770321876705 , 0 , 0 , 0 , 0 , 0 , 0 , 0 , 0 , 0 , 0 , 0.07636887608069164 , 0 , 0 , 0 , 0 , 
232: 0 , 0 , 0 , 0.02962962962962963 , 0 , 0 , 0.48311156601842375 , 0.019643953345610803 , 0 , 0.011904761904761904 , 
233: 0 , 0 , 0.002331002331002331 , 0 , 0 , 0.3174983366600133 , 0 , 0 , 0 , 0 , 0.04842715231788079 , 0 , 0 , 0.84765625 , 0 , 
234: 0 , 0 , 0 , 0 , 0 , 0 , 0 , 0 , 0 , 0.01934566145092461 , 0 , 0 , 0 , 0 , 0 , 0.010333863275039745 , 0 , 0 , 0 , 0 , 0 , 0 , 0 , 0 , 
235: 0 , 0.46678321678321677 , 0.020684168655529037 , 0.2594142259414226 , 0.0005707762557077625 , 0 , 0.5483133218982276 , 0.02885042166000888 , 0 , 0.5619047619047619 , 
236: 0 , 0.25225225225225223 , 0.003938417472252059 , 0.3333333333333333 , 0.3348649145377688 , 0 , 0.019337016574585635 , 0 , 
237: 0 , 0 , 0 , 0 , 0 , 0 , 0 , 0 , 0 , 0 , 0 , 0 , 0 , 0 , 0 , 0 , 0 , 0 , 0 , 0.016164817749603804 , 0 , 0 , 0.18710933497284557 , 0 , 0 , 0 , 
238: 0 , 0 , 0 , 0 , 0 , 0 , 0 , 0 , 0 , 
239: 0 , 0.006391137622496805 , 0 , 0 , 0 , 0 , 0 , 0 , 0 , 0 , 0.008321557544355472 , 0.032448377581120944 , 0 , 0 , 0 , 0 , 
240: 0 , 0 , 0 , 0 , 0 , 0 , 0 , 0 , 0.02742409402546523 , 0 , 0 , 0.16474226804123712 , 0 , 0 , 0.017830609212481426 , 0 , 0 , 0 , 0 , 0 , 0 , 0.11847065158858373 , 0 , 0 , 0 , 0.01904144314095384 , 0 , 
241: 0 , 0 , 0 , 0 , 0 , 0 , 0.8667271078875793 , 0 , 0 , 0.012468827930174564 , 0.017726798748696558 , 0 , 
242: 0 , 0 , 0 , 0 , 0 , 0 , 0 , 0.0031066620642043494 , 0 , 0 , 0 , 0 , 0 , 0.33965696465696466 , 0 , 0 , 0.11356466876971609 , 0 , 
243: 0 , 0 , 0.011939506500397984 , 0 , 0.0033301106456117735 , 0 , 0 , 0 , 0 , 0 , 0.24645944454662497 , 0 , 0 , 0 , 0 , 0 , 
244: 0 , 0 , 0 , 0 , 0 , 0 , 0.6630434782608695 , 0.003069367710251688 , 0.3398190045248869 , 0 , 0 , 0 , 0 , 0 , 0 , 
245: 0 , 0 , 0 , 0 , 0 , 0 , 0.025162028211971027 , 0 , 0 , 0 , 0 , 0 , 0 , 0 , 0 , 0.7710538426138979 , 0.7801652892561983 , 0 , 0 , 0 , 0 , 0.0023391812865497076 , 0 , 
246: 0 , 0 , 0 , 0 , 0.1111111111111111 , 0 , 0 , 0 , 0 , 0 , 0 , 0 , 0 , 0 , 0 , 0 , 0.0010787486515641855 , 0 , 0.9999172048352376 , 0 , 0 , 
247: 0 , 0 , 0 , 0 , 0 , 0 , 0 , 0 , 0 , 0 , 0 , 0 , 0 , 0 , 0 , 0 , 0 , 0 , 0 , 0 , 0 , 0.011394240729231406 , 0 , 0 , 0 , 0 , 0 , 0 , 0 , 0 , 0 , 0 , 0.00010117361392148928 , 0 , 0.33753943217665616 , 0 , 0 , 0 , 0 , 
248: 0 , 0 , 0.2702702702702703 , 0 , 0 , 0 , 0 , 0 , 0 , 0 , 0 , 0 , 0 , 0 , 0 , 0 , 0.001736111111111111 , 0 , 0 , 0.0030211480362537764 , 0 , 0.21946706143597336 , 0.005967180507210343 , 
249: 0 , 0.5288028802880288 , 0 , 0 , 0 , 0 , 0.012547051442910916 , 0.24366197183098592 , 0.24096385542168675 , 
250: 0 , 0 , 0 , 0 , 0 , 0 , 0 , 0 , 0 , 0 , 0 , 0 , 0 , 0 , 0 , 0 , 0 , 0 , 0 , 0 , 0 , 0 , 0 , 0 , 0 , 0 , 0 , 0 , 0.44746600741656367 , 0.05636743215031315 , 0.010186757215619695 , 0 , 0 , 0 , 
251: 0 , 0 , 0 , 0 , 0 , 0.060064935064935064 , 0 , 0 , 0 , 0 , 0 , 0.005934718100890208 , 0.659650441646307 , 0 , 0 , 
252: 0 , 0 , 0 , 0 , 0 , 0 , 0 , 0.46153846153846156 , 0 , 0.9441340782122905 , 0 , 0 , 0.3019051086033248 , 0 , 0 , 0 , 0 , 0 , 0 , 0 , 0 , 
253: 0 , 0 , 0.014154092669248232 , 0 , 0.9991012582384662 , 0.26047565118912797 , 0 , 
254: 0 , 0 , 0 , 0 , 0.003436426116838488 , 0 , 0 , 0 , 0 , 0 , 0 , 0 , 0.030574591460200317 , 0 , 0 , 0 , 0.9810012062726177 , 0 , 0 , 0 , 0 , 0 , 0 , 0 , 0 , 0 , 0 , 0 , 0 , 0 , 0 , 0 , 0 , 0.7439903846153846 , 0 , 0 , 
255: 0 , 0 , 0 , 0 , 0 , 0 , 0.2927139675469297 , 0.12693498452012383 , 0.4218551461245235 , 0 , 0 , 0.625 , 0 , 0 , 0 , 0 , 
256: 0 , 0 , 0 , 0 , 0.0012547051442910915 , 0 , 0 , 0 , 0 , 0 , 0 , 0 , 0 , 0 , 0 , 0 , 0 , 0 , 0 , 0 , 0 , 0.31261022927689597 , 0.2463768115942029 , 
257: 0 , 0.041605839416058395 , 0 , 0.025458248472505093 , 0 , 0 , 0.36903039073806077 , 0 , 0.030855539971949508 , 
258: 0 , 0 , 0 , 0 , 0.0365 , 0 , 0 , 0 , 0 , 0 , 0 , 0 , 0 , 0 , 0 , 0.002793296089385475 , 0 , 0 , 0 , 0 , 0.3836477987421384 , 0 , 0 , 0 , 0 , 0.029411764705882353 , 0.5365853658536586 , 
259: 0 , 0 , 0.42638398115429915 , 0.03308823529411765 , 0 , 0 , 0 , 0 , 0.014308070646098816 , 0.5708502024291497 , 0 , 0 , 0 , 0.45515413586274234 , 
260: 0 , 0.016626025271558414 , 0 , 0 , 0 , 0 , 0 , 0.7541095890410959 , 0 , 
261: 0 , 0 , 0 , 0.7310393258426966 , 0 , 0 , 0 , 0 , 
262: 0 , 0 , 0 , 0 , 0 , 0 , 0.01023371594523579 , 0.8467776355100298 , 0 , 0 , 
263: 0 , 0 , 0 , 0 , 0 , 0 , 0 , 0 , 0 , 0 , 0 , 0 , 0 , 0 , 0 , 0 , 0 , 0 , 0 , 0 , 0 , 0 , 0 , 0 , 
264: 0 , 0 , 0 , 0 , 0 , 0 , 0 , 0 , 0 , 0 , 0 , 0 , 0 , 0.0019267822736030828 , 0.07908163265306123 , 0.19789734075448362 , 0.00491320013101867 , 
265: 0 , 0 , 0 , 0.003025302530253025 , 0 , 0 , 0 , 0 , 0 , 0 , 0.0004679457182966776 , 0 , 0.6607036374478235 , 0 , 0 , 
266: 0 , 0 , 0 , 0 , 0 , 0 , 0 , 0 , 0 , 0 , 0 , 0 , 0 , 0 , 0 , 0 , 0 , 0 , 0 , 0 , 0.8362648732540093 , 0 , 0 , 
267: 0 , 0 , 0 , 0 , 0 , 0 , 0 , 0 , 0 , 0 , 0 , 0 , 0 , 0 , 0 , 0 , 0 , 0 , 0 , 0 , 0.09911504424778761 , 0.0019448672416708945 , 0 , 0 , 0 , 0 , 
268: 0 , 0 , 0 , 0 , 0 , 0 , 0 , 0 , 0 , 0.008695652173913044 , 0 , 0 , 0 , 0 , 0 , 0 , 0 , 0 , 0 , 0 , 0.47052280311457173 , 0.5433070866141733 , 0.03076923076923077 , 
269: 0 , 0 , 0 , 0 , 0 , 0 , 0 , 0 , 0 , 0 , 
270: 0 , 0 , 0 , 0 , 0 , 0 , 0 , 0 , 0 , 0 , 0 , 0 , 0 , 0 , 0 , 0.0013401083254229718 , 0 , 0 , 0 , 0 , 0 , 0 , 0 , 0 , 0 , 0 , 0 , 0 , 0 , 0.3746838999719022 , 0 , 0 , 0 , 0 , 0 , 0 , 0 , 0 , 0 , 0 , 0 , 
271: 0 , 0 , 0 , 0.00933820544051969 , 0 , 0 , 0 , 0.000585480093676815 , 0 , 0 , 0.17791601866251944 , 0.5679012345679012 , 
272: 0 , 0 , 0 , 0 , 0 , 0 , 0.05018587360594796 , 0.5857142857142857 , 0 , 0.001918859649122807 , 0 , 0.0021085925144965737 , 0 , 0 , 0 , 0 , 
273: 0 , 0 , 0 , 0 , 0 , 0 , 0 , 0 , 0 , 0.18590998043052837 , 0 , 0 , 0 , 0.005159071367153913 , 0 , 0 , 0 , 0.001926252063841497 , 0 , 0 , 0 , 0 , 0.4474568675778624 , 0 , 0 , 0 , 0 , 0 , 0 , 0.0013879250520471894 , 
274: 0 , 0.0010867596449918493 , 0 , 0 , 0 , 0 , 0 , 0 , 0 , 0 , 0.04533678756476684 , 0.8028095733610822 , 0 , 
275: 0 , 0 , 0 , 0.5442483928327179 , 0.4166666666666667 , 0 , 0.0017878426698450535 , 0 , 
276: 0 , 0 , 0.5625 , 0.0032401782098015392 , 0 , 0.19642857142857142 , 0 , 0 , 0 , 
277: 0 , 0 , 0 , 0 , 0.0784313725490196 , 0.20100502512562815 , 0 , 0 , 0 , 0 , 0 , 0.5150837988826815 , 0 , 0 , 0.0014359320888588563 , 0 , 0 , 0 , 0 , 
278: 0 , 0 , 0 , 0 , 0 , 0 , 0 , 0 , 0 , 0.0015290519877675841 , 0 , 0 , 0 , 0 , 0.23147396497738607 , 0 , 0 , 0 , 0 , 0 , 0 , 0 , 0 , 0 , 0 , 0 , 0.5152722443559097 , 0 , 0 , 
279: 0 , 0 , 0 , 0.0013345195729537367 , 0 , 0 , 0 , 0 , 0 , 0 , 0 , 0 , 0 , 0 , 0 , 0 , 0 , 0 , 0.3904282115869018 , 0 , 
280: 0 , 0 , 0 , 0 , 0 , 0 , 0.00041453641011468843 , 0 , 0.000462962962962963 , 0 , 0 , 0 , 0 , 0 , 0.13296500920810314 , 0 , 0 , 0 , 
281: 0 , 0 , 0 , 0 , 0 , 0 , 0 , 0 , 0 , 0 , 0 , 0 , 0 , 0.09090909090909091 , 0 , 0.002865094957432875 , 0.1791044776119403 , 0 , 
282: 0 , 0.2666025024061598 , 0 , 0 , 0.014792899408284023 , 0 , 0 , 0 , 0 , 0 , 0 , 0.001001001001001001 , 0 , 0.1877203049430281 , 0.13071895424836602 , 0 , 
283: 0 , 0 , 0 , 0 , 0.10982658959537572 , 0 , 0 , 0.000864304235090752 , 0.3426698450536353 , 0.2445019404915912 , 0 , 0 , 0 , 0.0019106251990234583 , 0 , 
284: 0 , 0 , 0 , 0 , 0.9387755102040817 , 0 , 0 , 0.4993354009747452 , 0.0015226048254860622 , 0.0004422821760283061 , 
285: 0 , 0 , 0 , 0 , 0 , 0 , 0 , 0.8876270173341303 , 0 , 0 , 0 , 0 , 0 , 0.0007139457401237506 , 0 , 
286: 0 , 0 , 0 , 0.009966777408637873 , 0 , 0 , 0 , 0 , 0 , 0 , 0 , 0 , 0 , 0 , 0 , 0 , 0 , 0.00875 , 0.18537414965986396 , 0.39289637495422924 , 0 , 0 , 
287: 0 , 0 , 0 , 0 , 0 , 0 , 0 , 0 , 0.14584203928123693 , 0 , 0 , 0 , 0 , 0 , 0 , 0.0011816838995568684 , 0 , 0 , 0 , 0 , 0.1362616223148445 , 0 , 0 , 0 , 0 , 
288: 0 , 0.024691358024691357 , 0.00016874789065136686 , 0 , 0 , 0 , 0 , 0 , 0 , 0 , 
289: 0 , 0 , 0 , 0 , 0 , 0 , 0 , 0 , 0 , 0 , 0 , 0 , 0 , 0 , 0 , 0 , 0 , 0 , 0 , 0 , 0 , 0 , 0 , 0.18888888888888888 , 0 , 0.6274509803921569 , 0 , 0 , 0 , 
290: 0 , 0 , 0 , 0 , 0 , 0 , 0 , 0 , 0 , 0 , 0 , 0.04224376731301939 , 0 , 0 , 0 , 0 , 0.07831608654750706 , 0.000145032632342277 , 0 , 
291: 0 , 0 , 0 , 0 , 0 , 0 , 0 , 0.5649784059678052 , 0 , 8.84016973125884e-05 , 0 , 0 , 0 , 0 , 0.35805243445692886 , 0 , 
292: 0 , 0 , 0 , 0 , 0 , 0 , 0 , 0 , 0 , 0 , 0 , 0 , 0.003763590744354614 , 0 , 0.4263565891472868 , 0 , 0 , 0 , 0 , 0 , 0 , 0 , 0.0004336513443191674 , 0 , 
293: 0 , 0 , 0.0012224938875305623 , 0 , 0 , 0 , 0 , 0 , 0 , 0.3268617791944364 , 0 , 0 , 0 , 0.32406519654841803 , 0 , 0 , 0 , 0 , 
294: 0 , 0 , 0 , 0 , 0 , 0 , 0 , 0 , 0 , 0 , 0 , 0 , 0.39325842696629215 , 0.015796703296703296 , 0 , 0 , 0 , 0 , 0 , 0 , 0 , 0 , 0 , 0 , 0 , 
295: 0 , 0.0052827843380981974 , 0 , 0.7 , 0.022116903633491312 , 0 , 0 , 0 , 0 , 0 , 0 , 0 , 0 , 
296: 0 , 0 , 0 , 0 , 0 , 0.19600075457460855 , 0 , 0 , 0.00012097749818533752 , 0.3917281348788198 , 0.008805723720418272 , 0 , 0.6112376613515565 , 
297: 0 , 0 , 0.001353817175819648 , 0 , 0 , 0 , 0 , 0.0008262755629002272 , 0 , 0 , 0 , 0 , 0 , 0 , 0 , 
298: 0 , 0 , 0 , 0 , 0 , 0 , 0 , 0 , 0.0004805382027871216 , 0.49503722084367247 , 0.17427884615384615 , 0.24521422060164083 , 
299: 0 , 0 , 0.0018596001859600185 , 0 , 0 , 0 , 0 , 0 , 0 , 0 , 0 , 0 , 0 , 0 , 0 , 0 , 0 , 0.5660639777468707 , 
300: 0 , 0 , 0 , 1.0 , 0 , 0 , 0 , 0 , 0 , 
301: 0 , 0 , 0 , 0 , 0 , 0 , 0 , 0 , 0 , 
302: 0 , 0 , 0 , 0 , 0 , 0 , 
303: 0 , 0 , 0 , 0 , 0 , 0.0008952551477170994 , 0 , 0 , 0 , 0 , 0 , 0 , 0 , 0 , 0.0003022061045633122 , 0 , 0 , 1.0 , 0 , 0 , 0.00249500998003992 , 0 , 0 , 0 , 0 , 
304: 0 , 0 , 0.3730407523510972 , 0 , 0.5108225108225108 , 0 , 0 , 0 , 0 , 
305: 0 , 0 , 0 , 0 , 0 , 0 , 0 , 0 , 0 , 0 , 0 , 0.0015313935681470138 , 0.0001337255950788981 , 0 , 0.06631892697466468 , 0 , 0 , 0 , 0 , 0 , 
306: 0 , 0 , 0 , 0 , 0 , 0 , 
307: 0 , 0 , 0 , 0 , 0 , 0 , 0 , 0 , 0 , 0 , 0 , 0 , 0 , 0 , 0 , 0 , 0 , 0 , 0 , 0 , 0 , 0 , 0 , 0.6747122168585221 , 0 , 0 , 0 , 0.5869565217391305 , 0 , 0 , 
308: 0 , 0.17845611975344877 , 0 , 0 , 0.831072488342518 , 0 , 0 , 0 , 0 , 
309: 0 , 0 , 0 , 0.0008802816901408451 , 0 , 0 , 0.012517385257301807 , 0.9439742721733243 , 0 , 
310: 0 , 0 , 0 , 0 , 0 , 0 , 0 , 0 , 0.30807500956754685 , 0 , 0 , 0 , 0 , 0 , 0 , 0 , 0 , 0.007836990595611285 , 0.0014814814814814814 , 0 , 0 , 0 , 
311: 0 , 0 , 0 , 0 , 0 , 0 , 0.0084253341080767 , 0 , 0.08703241895261846 , 0.0026936026936026937 , 0 , 0 , 0 , 0 , 0 , 0 , 0 , 0 , 0 , 0 , 0.35807860262008734 , 0.0018501387604070306 , 
312: 0 , 0 , 0 , 0 , 0 , 0.0014852535539995756 , 0 , 0 , 0.27314814814814814 , 0.8226495726495726 , 0 , 0 , 0 , 0 , 0 , 0.3374233128834356 , 0 , 
313: 0 , 0 , 0 , 0 , 0 , 0 , 0 , 0.22458805906270063 , 0 , 0 , 0 , 0 , 0 , 0 , 0 , 0 , 0 , 0 , 0.005242922055225445 , 0 , 0 , 0 , 0.31386861313868614 , 
314: 0 , 0 , 0 , 0 , 0 , 0 , 0 , 0 , 0 , 0.00019164430816404754 , 0 , 0 , 0 , 0 , 0 , 0 , 0 , 0 , 0 , 0 , 0.007281553398058253 , 0 , 0 , 0 , 0 , 0 , 0 , 0 , 0 , 
315: 0 , 0 , 0 , 0 , 0 , 0 , 0 , 0.04878048780487805 , 0 , 0.25644432633537073 , 0.0023094688221709007 , 0 , 
316: 0 , 0 , 0 , 0 , 0 , 0 , 0 , 0 , 0 , 0 , 0 , 0 , 0.0027397260273972603 , 0 , 0 , 0 , 0 , 0 , 0.0003850596842510589 , 0.6368896415467118 , 0 , 0 , 0 , 0 , 0 , 0 , 
317: 0 , 0 , 0 , 0 , 0 , 0 , 0 , 0.11759799833194329 , 0 , 0 , 0.16335540838852097 , 0 , 0.004955947136563877 , 0.6755300035932447 , 0 , 
318: 0 , 0 , 0 , 0.19830713422007254 , 0.0003397893306150187 , 0 , 0 , 0.03940886699507389 , 0 , 0.7525024216984179 , 0 , 0.23636363636363636 , 0 , 
319: 0 , 0 , 0 , 0 , 0 , 0 , 0.005408328826392645 , 0 , 0.48352713178294576 , 1.0 , 0.32224532224532226 , 0 , 
320: 0 , 0 , 0.10151515151515152 , 0.8773784355179705 , 0 , 0 , 0 , 0 , 0.0007054673721340388 , 0.7845473110959836 , 0 , 0 , 0 , 
321: 0 , 0.00030627871362940275 , 0.7035132819194516 , 0 , 0 , 0 , 0 , 0.009365994236311239 , 0 , 0 , 0 , 0 , 0.7832351015062213 , 0 , 0 , 
322: 0 , 0 , 0 , 0.7020840450973693 , 0 , 0.005479837009976113 , 0 , 0 , 0 , 0 , 0 , 
323: 0 , 0 , 0 , 0 , 0 , 0 , 0 , 0 , 0 , 0 , 0 , 0 , 0 , 0 , 0 , 0 , 0 , 0 , 0 , 0 , 0 , 0 , 0 , 0 , 0.009109311740890687 , 0 , 0.394524959742351 , 0 , 0 , 0 , 0 , 0.010388611004232396 , 0 , 0 , 0 , 
324: 0 , 0 , 0 , 0 , 0 , 0 , 0 , 0 , 0 , 0 , 0 , 0 , 0 , 0 , 0 , 0 , 0 , 0 , 0 , 0 , 0 , 0 , 0 , 0 , 0 , 0 , 0 , 0 , 0 , 0.9606911447084233 , 0 , 0.0008750182295464489 , 0 , 0 , 
325: 0 , 0 , 0 , 0 , 0 , 0 , 0 , 0 , 0 , 0 , 
326: 0 , 0 , 0 , 0 , 0 , 0 , 0 , 0 , 0 , 0 , 0 , 0 , 0 , 0 , 0 , 0 , 0 , 0 , 0 , 0 , 0 , 0 , 0.0021231422505307855 , 0.8606676342525399 , 0 , 0 , 0 , 0 , 0.0012652889076339097 , 0 , 
327: 0 , 0.47236704900938475 , 0 , 0 , 1.0 , 0 , 0 , 0 , 0 , 
328: 0 , 0.12290502793296089 , 0.0026246719160104987 , 0 , 0.5158626684050412 , 0 , 0.32015065913371 , 0 , 0 , 0 , 
329: 0 , 0 , 0 , 0.3076923076923077 , 0 , 0 , 0 , 0 , 0 , 0.00130718954248366 , 0 , 0 , 0 , 0 , 0.6973852623880051 , 0 , 0 , 0 , 
330: 0 , 0 , 0 , 0 , 0 , 0 , 0 , 0 , 0 , 0 , 0 , 0 , 0 , 0 , 0 , 0 , 0 , 0 , 0 , 0 , 0 , 0.00048007681228996637 , 0 , 0 , 0 , 0 , 0 , 0 , 0 , 0 , 0 , 0 , 0.02954048140043764 , 0 , 0 , 0 , 0 , 0 , 0 , 0 , 0 , 0.6952561669829223 , 
331: 0 , 0 , 0 , 0 , 0 , 0 , 0 , 0 , 0 , 0.009199318568994889 , 0.007401315789473684 , 0 , 0 , 0 , 0 , 0 , 0 , 0 , 0 , 0 , 0 , 0 , 0 , 0 , 0 , 0 , 0 , 0 , 0 , 0 , 0 , 0 , 0 , 0.8360696517412936 , 0 , 0 , 
332: 0 , 0 , 0 , 0 , 0 , 0 , 0 , 0 , 0.2825284527837588 , 0 , 0.010752688172043012 , 0 , 0 , 0 , 0 , 0 , 0 , 0 , 0 , 0 , 0.5984682713347921 , 0 , 0 , 
333: 0 , 0.03 , 0.0014468290330359296 , 0 , 0 , 0 , 0 , 0 , 0 , 0 , 0 , 0.18011591618368256 , 0 , 0 , 
334: 0 , 0 , 0 , 0 , 0 , 0 , 0.03225806451612903 , 0.08952702702702703 , 0 , 0 , 0.8668941979522184 , 
335: 0 , 0 , 0.8965071151358344 , 0 , 0 , 0 , 0 , 0 , 0.0032679738562091504 , 0 , 0 , 0 , 0 , 0 , 0 , 0 , 0 , 0 , 0 , 0.2722550177095632 , 0 , 0 , 0 , 0 , 0 , 0 , 0 , 
336: 0 , 0 , 0.6649076517150396 , 0 , 0.3391812865497076 , 0 , 0 , 0 , 0.0005967299200381908 , 0.27116311080523053 , 0.6970404984423676 , 0 , 0 , 0 , 
337: 0 , 0 , 0 , 0 , 0 , 0.002204261572373255 , 0 , 0 , 0 , 0 , 0 , 0 , 0 , 0 , 0 , 0 , 0 , 0 , 0.3359809372517871 , 0 , 0 , 
338: 0 , 0 , 0 , 0 , 0 , 0 , 0 , 0 , 0 , 0 , 0 , 0 , 0 , 0 , 0 , 0.23237179487179488 , 0.370336669699727 , 0 , 0 , 
339: 0 , 0 , 0 , 0 , 0 , 0 , 0 , 0 , 0 , 0.7083333333333334 , 0 , 0 , 0 , 0 , 0 , 0 , 0 , 0 , 0 , 0 , 0 , 0 , 0 , 0 , 0 , 0 , 0 , 0 , 0 , 0 , 0 , 0 , 0 , 0 , 0 , 0.0017318159327065809 , 0 , 0 , 0 , 0 , 0 , 0 , 0 , 0 , 0 , 0 , 0 , 0 , 0 , 
340: 0 , 0 , 0 , 0 , 0 , 0 , 0 , 0 , 0 , 0 , 0 , 0 , 0 , 0.6052077853761179 , 0 , 0 , 
341: 0 , 0 , 0 , 0 , 0 , 0 , 0 , 0 , 0 , 0 , 0.014612452350698857 , 0.3700234192037471 , 0 , 0 , 0 , 0.6106020942408377 , 0 , 0 , 0.041666666666666664 , 0 , 0 , 0 , 0 , 0 , 
342: 0 , 0 , 0 , 0 , 0 , 0 , 0.0018936133585815114 , 0 , 0.0006165228113440197 , 0 , 0 , 0.3645148026315789 , 0 , 0 , 
343: 0 , 0 , 0.001736111111111111 , 0 , 0 , 0 , 0 , 0 , 0.5929951690821256 , 0.0029895366218236174 , 0 , 0 , 0 , 
344: 0 , 0 , 0 , 0 , 0 , 0 , 0 , 0 , 0 , 0 , 0 , 0 , 0 , 0.04261363636363636 , 0 , 0 , 0.09065934065934066 , 0 , 0 , 
345: 0 , 0 , 0 , 0 , 0.0023084025854108957 , 0 , 0 , 0 , 0 , 0 , 0.0005977732944780692 , 0 , 0 , 0.6000707213578501 , 0 , 0 , 
346: 0 , 0 , 0 , 0 , 0 , 0 , 0 , 0 , 0 , 0 , 0 , 0 , 0 , 0 , 0 , 0 , 0 , 0 , 0.004371584699453552 , 0 , 0.24675324675324675 , 0 , 0.26068310614182877 , 0 , 
347: 0 , 0 , 0 , 0 , 0 , 0 , 0 , 0 , 0.5547751217854311 , 0.02127659574468085 , 0 , 0 , 
348: 0 , 0.00030088761847449976 , 0.0004405286343612335 , 0 , 0.8909866017052375 , 0 , 0 , 0 , 0 , 0 , 
349: 0 , 0 , 0 , 0 , 0 , 0 , 0 , 0 , 0 , 0 , 0 , 0 , 0 , 0 , 0 , 0 , 0 , 0.008040431886055594 , 0.4610091743119266 , 0 , 0 , 0 , 0 , 
350: 0 , 0 , 0 , 0 , 0 , 0 , 0 , 0 , 0 , 0 , 0 , 0 , 0 , 0 , 0 , 0.024330900243309004 , 0 , 0 , 0 , 0 , 0 , 0 , 0 , 0 , 0.18685407193054981 , 0.0009354536950420954 , 0 , 0 , 0 , 
351: 0 , 0 , 0 , 0 , 0 , 0 , 0 , 0 , 0 , 0 , 0 , 0 , 0 , 0 , 0 , 0.7591397849462366 , 0.001878690284487386 , 0 , 
352: 0 , 0.15121200461716044 , 0.03727351164797239 , 0 , 0 , 0 , 0 , 0 , 0.0134212160290395 , 0 , 0 , 0 , 
353: 0 , 0 , 0 , 0.5789473684210527 , 0 , 0 , 0 , 0.2575475214312337 , 0 , 0.00035587188612099647 , 0 , 0 , 0 , 0.049247606019151846 , 0 , 0 , 0 , 
354: 0 , 0 , 0 , 0 , 0 , 0 , 0 , 0 , 0 , 0 , 0 , 0 , 0 , 0 , 0 , 0.002021018593371059 , 0 , 0 , 0 , 0 , 0 , 0 , 0 , 0 , 0.8598999285203717 , 0 , 0 , 0.14863870493009565 , 0 , 
355: 0 , 0 , 0.09072164948453608 , 0.40667678300455234 , 0.015674850880843392 , 0 , 0 , 0.9240600111131692 , 0.029535864978902954 , 0 , 0 , 
356: 0 , 0 , 0 , 0 , 0 , 0 , 0 , 0 , 0 , 0 , 0 , 0 , 0 , 0 , 0 , 0 , 0 , 0 , 0 , 0 , 0 , 0.0008954154727793697 , 0 , 0.6382529059528003 , 
357: 0 , 0 , 0 , 0 , 0.0034071550255536627 , 0.001067995728017088 , 0 , 0.04725274725274725 , 0 , 0 , 0 , 0 , 0.014778325123152709 , 0.022988505747126436 , 
358: 0 , 0.1020957235910507 , 0.07301066447908121 , 0.004878048780487805 , 0 , 0 , 0 , 0.6967123287671233 , 0.002899251026818072 , 0 , 
359: 0 , 0 , 0 , 0 , 0 , 0 , 0 , 0 , 0 , 0 , 0 , 0.9848242811501597 , 0 , 0.06381118881118882 , 0 , 0.1735159817351598 , 0 , 0 , 0 , 
360: 0 , 0 , 0 , 0 , 0 , 0 , 0 , 0 , 0 , 0 , 0 , 0.004032258064516129 , 0 , 0 , 0 , 0 , 0 , 0 , 0 , 0.555242314404618 , 0 , 0 , 0 , 0 , 0 , 0 , 
361: 0 , 0 , 0 , 0.07773109243697479 , 0 , 0 , 0 , 0 , 0 , 0 , 0 , 0 , 0 , 0 , 0 , 0 , 0.030399336741743818 , 0.9855072463768116 , 0 , 0 , 0 , 
362: 0 , 0 , 0 , 0 , 0 , 0 , 0.022284122562674095 , 0 , 0 , 0 , 0 , 0.0008385041086701325 , 0 , 0.4608695652173913 , 0 , 0 , 
363: 0 , 0 , 0 , 0 , 0 , 0.0004106776180698152 , 0 , 0 , 0 , 0 , 0 , 0 , 0 , 0 , 0.2160033167495854 , 0 , 0 , 0 , 0 , 
364: 0 , 0 , 0 , 0 , 0 , 0 , 0 , 0 , 0.0019404915912031048 , 0 , 0 , 0.001375515818431912 , 0.0008795074758135445 , 0 , 0 , 0 , 0.003937007874015748 , 0 , 0.0049382716049382715 , 0 , 0 , 0 , 
365: 0 , 0 , 0 , 0 , 0 , 0.0005422993492407809 , 0 , 0 , 0 , 0 , 0 , 0 , 0 , 0 , 0.546772068511199 , 0 , 0.0035683699685983444 , 0 , 0.09670637701471618 , 
366: 0 , 0 , 0 , 0 , 0 , 0 , 0.47056699169375227 , 0 , 0.000732243104710764 , 0 , 0 , 0.763447079236553 , 0 , 
367: 0 , 0.03333333333333333 , 0 , 0 , 0.35506816834617666 , 0 , 0.00039761431411530816 , 0 , 0 , 0 , 0 , 0 , 0 , 0 , 0 , 0 , 0 , 0.00022232103156958648 , 0 , 0 , 0 , 0 , 0.020860495436766623 , 0.45515151515151514 , 
368: 0 , 0 , 0 , 0 , 0.049800796812749 , 0.42702702702702705 , 0 , 0 , 0.001287001287001287 , 0 , 0 , 0 , 0 , 0.3392857142857143 , 0.0038596491228070177 , 
369: 0 , 0 , 0 , 0 , 0 , 0 , 0.00291932059447983 , 0 , 0 , 0.05390835579514825 , 0 , 0.6453567937438905 , 0 , 0 , 0 , 0 , 0 , 
370: 0 , 0 , 0 , 0 , 0 , 0 , 0 , 0 , 0 , 0 , 0 , 0.011659021406727829 , 0 , 0 , 0 , 0 , 0 , 0.009196811771919068 , 0 , 0 , 0 , 
371: 0 , 0 , 0.00828289264096846 , 0.04158790170132325 , 0.3752818200450912 , 0 , 0.0017064846416382253 , 0 , 0 , 0.5636042402826855 , 0 , 0 , 
372: 0 , 0 , 0 , 0.0011402508551881414 , 0.0002696386841632213 , 0 , 0.5895765472312704 , 0 , 0 , 0 , 0 , 
373: 0 , 0 , 0.023923444976076555 , 0 , 0.025210084033613446 , 0.004182718767198679 , 0 , 0 , 
374: 0 , 0 , 0 , 0 , 0 , 0 , 0 , 0 , 0 , 0 , 0 , 0 , 0 , 0 , 0 , 0 , 0 , 0 , 0 , 0 , 0 , 0 , 0 , 0 , 0 , 0.002390755744454775 , 0 , 
375: 0 , 0 , 0.00028145229383619476 , 0.6337386018237082 , 0.000552944429084877 , 0 , 0.0051813471502590676 , 0 , 0 , 0 , 
376: 0 , 0.0016638935108153079 , 0 , 0 , 0 , 0 , 0 , 0 , 0.03238095238095238 , 0 , 0 , 0 , 0 , 0 , 0.0018450184501845018 , 0 , 0 , 0 , 0.30552977058745523 , 0 , 0 , 
377: 0 , 0 , 0 , 0.036887316826680144 , 0 , 0 , 0 , 0.14984709480122324 , 0.006853582554517134 , 0.05871388630009319 , 0 , 0 , 0 , 0 , 0 , 0 , 0 , 0 , 0 , 0 , 0 , 0 , 0 , 0 , 
378: 0 , 0 , 0 , 0 , 0 , 0 , 0 , 0 , 0 , 0 , 0 , 0 , 0 , 0 , 0 , 0 , 0 , 0 , 0 , 0 , 0 , 0 , 0.8873144399460189 , 0.32704593854578645 , 0 , 0 , 0 , 0 , 0 , 
379: 0 , 0 , 0 , 0 , 0 , 0 , 0 , 0 , 0 , 0 , 0 , 0 , 0 , 0.0326147042564953 , 0 , 0 , 0 , 0 , 0 , 
380: 0 , 0 , 0 , 0 , 0 , 0 , 0.1623931623931624 , 0 , 0 , 0 , 0 , 0.4671218109953288 , 0.03642264695275874 , 0.027666769136181987 , 0.08190224570673713 , 
381: 0 , 0 , 0 , 0.7338868254315054 , 0 , 0 , 0 , 0 , 0 , 
382: 0 , 0 , 0.27335640138408307 , 0 , 0 , 0 , 0.0011235955056179776 , 0 , 0 , 0 , 
383: 0 , 0 , 0 , 0 , 0 , 0 , 0 , 0 , 0 , 0 , 0 , 0 , 0 , 0 , 0 , 0 , 0 , 0 , 0 , 0.26136536414778777 , 0 , 0 , 0 , 0 , 0.9311060385972193 , 0 , 0 , 0 , 
384: 0 , 0 , 0 , 0 , 0 , 0 , 0 , 0 , 0 , 0 , 0 , 0.3261538461538461 , 0 , 0.0003614022406938923 , 
385: 0 , 0 , 0.000501002004008016 , 0 , 0 , 0 , 0.7936765301986218 , 0 , 0.3114224137931034 , 0 , 
386: 0 , 0 , 0 , 0 , 0 , 0 , 0 , 0 , 0 , 0.3661261261261261 , 0 , 0.35185185185185186 , 0 , 
387: 0 , 0 , 0 , 0 , 0.27451695224207073 , 0 , 0 , 0 , 0 , 0.032615384615384616 , 0 , 0 , 0 , 0.0006107802717972209 , 0 , 0 , 0 , 0 , 0.14893617021276595 , 0 , 0 , 
388: 0 , 0 , 0 , 0 , 0 , 0.0006916825177243646 , 0 , 0.4520547945205479 , 0 , 
389: 0 , 0 , 0 , 0 , 0.11102423768569195 , 0.0248565965583174 , 0.29203747072599534 , 0 , 0 , 0 , 
390: 0 , 0 , 0 , 0 , 0.1826086956521739 , 0 , 0 , 0.5289408866995073 , 0.05526315789473684 , 0.000278473962684489 , 0 , 0 , 0 , 0 , 0.2716417910447761 , 
391: 0 , 0 , 0 , 0 , 0 , 0 , 0 , 0 , 0 , 0 , 0 , 0 , 0.10496112550907072 , 0.33061594202898553 , 0 , 0 , 0 , 0 , 0 , 0 , 0 , 0 , 0 , 0.8839050131926122 , 0 , 0 , 
392: 0 , 0 , 0 , 0 , 0 , 0 , 0.7272727272727273 , 0.0021454112038140644 , 0.001924310455420141 , 0.49576460098082925 , 0 , 
393: 0 , 0 , 0 , 0 , 0 , 0 , 0.0010256410256410256 , 0 , 0 , 0 , 0.06198723792160438 , 0 , 0 , 0 , 0 , 0 , 0 , 
394: 0 , 0.0020222446916076846 , 0 , 0 , 0 , 0.12294372294372294 , 0.14227309893704007 , 0 , 0 , 0.00017503938386136881 , 0 , 0.002045650301464255 , 0 , 0 , 0 , 0 , 0 , 0 , 0 , 
395: 0 , 0 , 0 , 0 , 0 , 0 , 0 , 0 , 0 , 
396: 0 , 0 , 0 , 0 , 0 , 0 , 0 , 0 , 0 , 0 , 0 , 0 , 0 , 0 , 0 , 0 , 0 , 0 , 0.03125 , 0 , 0 , 0 , 0 , 0 , 0 , 0 , 0 , 0 , 0 , 0 , 0 , 0.20543981481481483 , 0 , 0 , 0 , 0.0001226391954868776 , 0 , 0 , 0 , 0 , 
397: 0 , 0 , 0 , 0 , 0 , 0.07174231332357248 , 0 , 0 , 0 , 0.002015650936684847 , 0 , 0.0027201632097925877 , 0 , 0 , 0 , 0.4222222222222222 , 0 , 0.7979133590383307 , 0 , 
398: 0 , 0 , 0.03920570264765784 , 0 , 0 , 0 , 0 , 0 , 0 , 0 , 0 , 0 , 0 , 0 , 0 , 0 , 0 , 0 , 0 , 0 , 0 , 0 , 0 , 0 , 0 , 0 , 0 , 0.5136094674556213 , 0 , 0 , 0 , 0 , 0 , 
399: 0 , 0 , 0 , 0 , 0 , 0 , 0 , 0 , 0 , 0 , 0 , 0 , 0 , 0 , 0 , 0 , 0 , 0 , 0 , 0 , 0 , 0 , 0 , 0 , 0 , 0 , 0 , 0 , 0 , 0 , 0 , 0 , 0 , 0.025274725274725275 , 0 , 0.005374823196605375 , 0.7543962485345839 , 0 , 0 , 0 , 
400: 0 , 0 , 0 , 0.3702435312024353 , 0 , 0 , 0.06462395543175488 , 0.07529411764705882 , 0.7388427898631981 , 0 , 
401: 0 , 0 , 0 , 0 , 0.14594594594594595 , 0 , 0 , 0 , 0 , 0 , 0 , 0 , 0.005037783375314861 , 0 , 0 , 0 , 0 , 0 , 0 , 0 , 0.31682027649769584 , 
402: 0 , 0 , 0 , 0 , 0.11304347826086956 , 0 , 0 , 0 , 0.008890501678308991 , 0 , 0.19122023809523808 , 0 , 0 , 0 , 0 , 0 , 0 , 0 , 0 , 0 , 0.0003866976024748647 , 0 , 0 , 0 , 
403: 0 , 0 , 0 , 0 , 0 , 0.019400352733686066 , 0 , 0.4500529474055771 , 0 , 
404: 0 , 0 , 0 , 0 , 0 , 0 , 0 , 0 , 0 , 0 , 0 , 0 , 0 , 0 , 0 , 0 , 0 , 0 , 0 , 0 , 0 , 0.0035172344487991157 , 0.18873602751504728 , 0 , 0 , 0 , 0 , 
405: 0 , 0 , 0 , 0 , 0 , 0 , 0 , 0.004219409282700422 , 0 , 0 , 0.004733432984554061 , 0.7587106390907397 , 0 , 0 , 
406: 0 , 0 , 0 , 0 , 0 , 0 , 0.06930693069306931 , 0 , 0 , 0 , 0 , 0 , 0.17543859649122806 , 0 , 0 , 0 , 0.49111389236545683 , 0 , 
407: 0 , 0 , 0 , 0 , 0 , 0 , 0 , 0 , 0 , 
408: 0 , 0 , 0 , 0 , 0 , 0.10512129380053908 , 0 , 0 , 0 , 0 , 0 , 0 , 0 , 0 , 0 , 0 , 0 , 0.020357803824799507 , 0 , 0 , 0 , 0 , 0.0007074279939363315 , 0.3984126984126984 , 0 , 0 , 0 , 
409: 0 , 0.05943827563683867 , 0 , 0 , 0.017361111111111112 , 0 , 0 , 0 , 0.002135231316725979 , 0 , 0 , 0 , 0 , 0 , 0 , 0 , 0 , 0 , 0 , 0 , 0 , 0 , 0 , 0 , 0 , 0 , 0 , 0.10782197553705417 , 0 , 0 , 0 , 0 , 0 , 0 , 
410: 0 , 0 , 0 , 0 , 0 , 0.01050420168067227 , 0 , 0 , 0 , 0.21858723958333334 , 0 , 0 , 0 , 0 , 0.010584958217270195 , 0 , 0 , 
411: 0 , 0 , 0 , 0 , 0 , 0.18246687054026503 , 0 , 0 , 0 , 0 , 0.4074074074074074 , 0 , 0.021238938053097345 , 0 , 
412: 0 , 0 , 0 , 0 , 0 , 0 , 0 , 0 , 0 , 0 , 0 , 0 , 0 , 0.3484848484848485 , 0.5165082541270636 , 0.39126579472400796 , 0 , 0 , 0 , 0 , 
413: 0 , 0 , 0 , 0 , 0 , 0 , 0 , 0 , 0 , 0.0034569871027788856 , 1.0 , 0 , 0.4573804573804574 , 0 , 0 , 
414: 0 , 0 , 0 , 0 , 0 , 0 , 0 , 0 , 0 , 0 , 0 , 0 , 0 , 0 , 0 , 0 , 0 , 0 , 0 , 0 , 0.31004110393423373 , 0 , 0 , 0 , 0 , 0 , 0.08223684210526316 , 0.002168609379235565 , 0 , 0 , 0.09523809523809523 , 0 , 0 , 0 , 
415: 0 , 0 , 0.3786610878661088 , 0 , 0 , 0.0009647188533627343 , 0 , 0.3987341772151899 , 
416: 0 , 0 , 0 , 0 , 0 , 0 , 0 , 0 , 0 , 0 , 0 , 0.031911079239870924 , 0.0703125 , 0 , 0.00018198362147406734 , 0 , 0 , 0 , 0 , 0 , 0 , 0 , 0 , 0 , 
417: 0 , 0 , 0.16978922716627634 , 0 , 0 , 0.42538975501113585 , 0.4988479262672811 , 0.4827586206896552 , 0 , 0.3369734789391576 , 0 , 0 , 0 , 0 , 0 , 
418: 0 , 0 , 0 , 0 , 0 , 0 , 0 , 
419: 0 , 0 , 0 , 0 , 0 , 0.00019214756933324793 , 0 , 0 , 0 , 0.46808510638297873 , 0 , 
420: 0 , 0 , 0 , 0 , 0.017857142857142856 , 0.4661535770509008 , 0 , 0.3309031996759822 , 0 , 
421: 0 , 0 , 0 , 5.0707367780538514e-05 , 0.952220977976857 , 0.636 , 0 , 0 , 0 , 0 , 
422: 0 , 0 , 0 , 0 , 0.0021949078138718174 , 0 , 0.13604060913705585 , 0.5628019323671497 , 
423: 0 , 0.19969512195121952 , 0 , 0 , 0 , 0 , 0 , 0 , 0 , 0 , 0 , 0 , 0 , 0 , 0 , 0 , 0 , 0 , 0 , 0 , 0 , 0 , 0 , 0 , 0 , 0 , 0 , 0.32278045423262214 , 0 , 0 , 0 , 0 , 
424: 0 , 0 , 0 , 0 , 0 , 0 , 0.0008710801393728223 , 0 , 0.00012832028743744385 , 0 , 0.2146492586855499 , 0 , 0 , 0.025223759153783564 , 0 , 0 , 0.6125690607734806 , 0 , 0 , 
425: 0 , 0 , 0.016904809820889516 , 0 , 0.00013083867591259977 , 0 , 0.41434262948207173 , 0.055776892430278883 , 0.45263157894736844 , 0 , 0 , 
426: 0 , 0 , 0 , 0 , 0 , 0 , 0 , 0.02667744543249798 , 0 , 0 , 0 , 0.09290843806104129 , 0.026045777426992895 , 0 , 0.792831105710814 , 0.00046565774155995343 , 0 , 0 , 0.6507177033492823 , 
427: 0 , 0 , 0 , 0 , 0 , 0 , 0 , 0 , 0 , 0 , 0 , 0.4451733833177132 , 0.0005892751915144372 , 0 , 0 , 0 , 
428: 0 , 0 , 0 , 0.384639207184887 , 0 , 0 , 0 , 0 , 0 , 0.8167244367417678 , 0 , 
429: 0 , 0 , 0 , 0 , 0 , 0 , 0 , 0 , 0 , 0 , 0.059602649006622516 , 0 , 0 , 0.1907514450867052 , 0 , 0 , 0 , 0 , 0 , 0 , 0 , 0.29392091284674404 , 0 , 0 , 0 , 0 , 
430: 0 , 0 , 0 , 0 , 0.1895013723696249 , 0 , 0 , 0 , 0 , 0 , 0 , 0.31076923076923074 , 0.0005474952094169176 , 0 , 0 , 0 , 0 , 0 , 0.030634573304157548 , 0 , 0 , 0 , 0 , 0 , 0 , 
431: 0 , 0 , 0 , 0 , 0 , 0 , 0 , 0 , 0 , 0 , 0 , 0 , 0 , 0 , 0 , 0 , 0 , 0 , 0 , 0.18042203985932004 , 0 , 0 , 0 , 0.09663865546218488 , 0 , 0.9235772357723577 , 0 , 
432: 0 , 0 , 0 , 0.9852744310575636 , 0 , 0 , 0 , 0 , 0 , 0 , 
433: 0 , 0 , 0 , 0 , 0 , 0.4315245478036176 , 0 , 0 , 0 , 0 , 0.002074688796680498 , 0 , 0 , 
434: 0 , 0 , 0 , 0.8051282051282052 , 0 , 0.5524296675191815 , 0.001722488038277512 , 0.7259467758444217 , 0.11916750587445452 , 0 , 
435: 0 , 0 , 0 , 0 , 0 , 0 , 0 , 0 , 0 , 0 , 0 , 0 , 0.00021321961620469082 , 0 , 0.008527131782945736 , 0.3129080863887494 , 0 , 0 , 0 , 
436: 0 , 0 , 0 , 0 , 0 , 0 , 0.050370828182941904 , 0.6309005961011761 , 0.6142595978062158 , 
437: 0 , 0 , 0 , 0 , 0 , 0 , 0 , 0 , 0 , 0 , 0 , 0 , 0 , 0 , 0 , 0 , 0.12260536398467432 , 0 , 0.008372734436564224 , 0 , 0.38636363636363635 , 0 , 0.00015639662183296842 , 0 , 0 , 0 , 0 , 0 , 0 , 0 , 0 , 0 , 0 , 0 , 0 , 0 , 
438: 0 , 0 , 0.42399000416493127 , 0.015772870662460567 , 0 , 0 , 0 , 0 , 0 , 0 , 0.0033017360741293003 , 0.20886615515771526 , 0.1403654485049834 , 0 , 
439: 0 , 0.0035742897639736244 , 0 , 0 , 0 , 0 , 0 , 0 , 0 , 0 , 0 , 0 , 0 , 0 , 0 , 0 , 0.4105793450881612 , 0 , 0 , 0 , 
440: 0 , 0 , 0 , 0 , 0 , 0.001182033096926714 , 0.16584967320261437 , 0.43636363636363634 , 0.004215456674473068 , 0 , 0 , 0 , 0 , 
441: 0 , 0 , 0 , 0.05042016806722689 , 0.14820359281437126 , 0.13761755485893418 , 0.5544907929349868 , 0 , 0 , 
442: 0 , 0 , 0 , 0 , 0 , 0.19811320754716982 , 0 , 0 , 0 , 0 , 0 , 0.016304347826086956 , 0 , 0 , 0 , 0 , 0 , 0 , 0 , 0 , 0 , 0 , 0.24347966952859226 , 0 , 0 , 0 , 0 , 
443: 0 , 0.1375 , 0 , 0 , 0 , 0.015945330296127564 , 0.38127659574468087 , 0.14919354838709678 , 0 , 
444: 0 , 0 , 0 , 0 , 0 , 0 , 0 , 
445: 0 , 0 , 0 , 0 , 0 , 0 , 0 , 0 , 0 , 0 , 
446: 0 , 0 , 0 , 0.06451612903225806 , 0.6931155192532089 , 0 , 
447: 0 , 0 , 0 , 0 , 0 , 0.9710504549214226 , 0 , 
448: 0 , 0.8929539295392954 , 0 , 0 , 0 , 
449: 0 , 0 , 0 , 0 , 0 , 0 , 0 , 
450: 0 , 0 , 0.0871559633027523 , 0.00033478406427854036 , 0.018915510718789406 , 0 , 0 , 0 , 0 , 0 , 0.40277284038393174 , 
451: 0 , 0 , 0.7483412322274882 , 0 , 0 , 0 , 
452: 0 , 0.6745827984595636 , 0.33812615955473097 , 0.07021433850702144 , 0 , 0 , 0 , 0 , 0.31596091205211724 , 0 , 0 , 0.08875739644970414 , 0 , 
453: 0 , 0.6039783001808319 , 0.22862554112554112 , 0 , 0 , 0 , 
454: 0 , 0 , 0 , 0 , 0 , 0 , 0 , 0 , 
455: 0 , 0.3369663941871026 , 0 , 0 , 0 , 0 , 0 , 
456: 0 , 0 , 0.0004791566842357451 , 0 , 0 , 0 , 0 , 0 , 0.7203023758099352 , 0.002656242169097379 , 0 , 0 , 
457: 0 , 0 , 0 , 0 , 0.09233997901364113 , 0.5851375073142189 , 0 , 0 , 0 , 
458: 0 , 0.0029585798816568047 , 0 , 0 , 0 , 0 , 0 , 0 , 0.4816549570647931 , 0 , 0.005847953216374269 , 0.20946579194001874 , 0 , 0 , 
459: 0 , 0 , 0 , 0 , 0 , 0 , 0 , 0 , 
460: 0 , 0 , 0 , 0 , 0 , 
461: 0 , 0 , 0 , 0 , 0 , 0 , 0 , 0 , 
462: 0 , 0 , 0 , 0 , 0.7548262548262549 , 0 , 0 , 0 , 0 , 
463: 0 , 0 , 0 , 0 , 0 , 0 , 0 , 
464: 0 , 0 , 0.05592105263157895 , 0.9424107142857143 , 0 , 0 , 0 , 0 , 0 , 
465: 0 , 0 , 0 , 0 , 0 , 0 , 0.008905852417302799 , 0.3023255813953488 , 0 , 0.8693167701863354 , 0 , 0 , 
466: 0 , 0 , 0 , 0 , 0 , 0 , 0 , 0 , 
467: 0 , 0 , 0 , 0 , 0 , 0 , 0 , 0 , 0 , 
468: 0 , 0 , 0 , 0.05955334987593052 , 0.5762976860537836 , 0.9905123339658444 , 0 , 0 , 0 , 
469: 0 , 0 , 0 , 0 , 0 , 0 , 0 , 0 , 
470: 0 , 0 , 0 , 0 , 1.0 , 0.0005314061005420342 , 0 , 0 , 0 , 
471: 0 , 0 , 0 , 0 , 0.036521739130434785 , 0 , 0 , 0 , 0 , 0.6869431643625192 , 0 , 0 , 0.10426540284360189 , 
472: 0 , 0 , 0 , 0 , 0 , 0 , 0.0806135770234987 , 0 , 0 , 0.002026342451874367 , 0.9827814569536424 , 0.020225593154414623 , 
473: 0 , 0 , 0.10204081632653061 , 0 , 0 , 0 , 0 , 0 , 0 , 
474: 0 , 0 , 0 , 0 , 0 , 0 , 
475: 0 , 0 , 0 , 0 , 0 , 
476: 0 , 0 , 0 , 0 , 0 , 0 , 0 , 0 , 
477: 0 , 0 , 0.12721893491124261 , 0.41304347826086957 , 0.8081671415004749 , 0.4875717017208413 , 0.004162812210915819 , 
478: 0 , 0 , 0.04915390813859791 , 0 , 0 , 0 , 0 , 0 , 
479: 0 , 0 , 0 , 0 , 0 , 0 , 0 , 0 , 0 , 0 , 0.8868274582560297 , 0 , 
480: 0 , 0.012364760432766615 , 0.8242857142857143 , 0.47465437788018433 , 0 , 0.001905366783105748 , 
481: 0 , 0 , 0 , 0 , 0 , 0 , 0 , 0 , 0 , 
482: 0 , 0 , 0 , 0 , 0 , 0 , 0 , 0 , 0 , 
483: 0 , 0 , 0 , 0 , 0 , 0 , 0 , 0 , 0 , 0 , 
484: 0 , 0 , 0 , 0.07547169811320754 , 0.7276867030965392 , 0 , 0.6086956521739131 , 0 , 0 , 0 , 
485: 0 , 0 , 0 , 0 , 0 , 0 , 
486: 0 , 0 , 0 , 0 , 0 , 0 , 0 , 0 , 0 , 
487: 0 , 0 , 0 , 0.12188268352651914 , 0.26814599751140605 , 0 , 0 , 0 , 
488: 0 , 0 , 0.00013444474321054048 , 0.17832512315270935 , 0 , 0.4532963017102763 , 0.14952380952380953 , 0 , 0 , 0 , 
489: 0 , 0 , 0 , 0 , 0 , 0 , 0 , 
490: 0 , 0 , 0 , 0 , 0 , 0 , 0 , 0 , 
491: 0 , 0 , 0 , 0.703125 , 0.016129032258064516 , 0 , 0 , 0 , 0 , 
492: 0 , 0 , 0 , 0 , 0 , 0 , 0 , 0 , 
493: 0 , 0 , 0.5094339622641509 , 0 , 0.3183990442054958 , 0 , 0 , 0 , 
494: 0 , 0.2314399601395117 , 0.00192193968066233 , 0 , 0 , 0 , 0 , 0 , 0 , 
495: 0 , 0 , 0 , 0 , 0.14814814814814814 , 0 , 0.32092476489028215 , 0 , 0 , 0 , 0 , 
496: 0 , 0 , 0.6303797468354431 , 0 , 0 , 0.031767218366257344 , 0.7178108966528219 , 0.710999281092739 , 0 , 
497: 0 , 0 , 0.7107438016528925 , 0 , 0 , 0 , 0 , 
498: 0 , 0 , 0 , 0 , 0.6666666666666666 , 0 , 0 , 0 , 0 , 
499: 0 , 0.443631669535284 , 0 , 0 , 0 , 0.3453547628381027 , 0 , 0 , 0 , 
