0: 0 , 0 , 0 , 0 , 0 , 0 , 0 , 0 , 0 , 0 , 0.041666666666666664 , 0 , 0 , 0 , 0 , 0.9527638190954774 , 0 , 0 , 0.04447632711621234 , 0.06534653465346535 , 0 , 0 , 0 , 
1: 0 , 0 , 0 , 0 , 0 , 0 , 0.14534883720930233 , 0.8342951360263808 , 0.03934426229508197 , 0 , 
2: 0 , 0 , 0 , 0 , 0 , 0 , 0 , 0 , 0 , 0 , 0 , 0 , 0 , 0 , 0 , 0 , 0 , 0 , 0 , 0 , 0 , 0 , 0.9109221128021486 , 0 , 0 , 0.07530647985989491 , 0 , 0 , 0 , 0 , 0 , 0 , 
3: 0 , 0 , 0.8150851581508516 , 0 , 0 , 0 , 0 , 
4: 0 , 0 , 0 , 0 , 0 , 0 , 0 , 0 , 0 , 0 , 0 , 0.13114754098360656 , 0 , 0 , 0 , 0 , 0 , 0 , 0 , 0 , 0 , 0 , 0 , 0 , 0 , 0 , 0 , 0 , 0 , 0 , 0 , 0 , 0.043037974683544304 , 0 , 
5: 0 , 0 , 0 , 0 , 0 , 0 , 0 , 0 , 0 , 0 , 0 , 0 , 0 , 0 , 0 , 0.2544511260464568 , 0.09151636606546426 , 0 , 0 , 0 , 
6: 0 , 0 , 0 , 0 , 0 , 0 , 0 , 0 , 0 , 0 , 0 , 0 , 0 , 0 , 0 , 0 , 0 , 0 , 0 , 0 , 0 , 0 , 0.9941656942823804 , 0.017142857142857144 , 0 , 0 , 
7: 0 , 0 , 0 , 0 , 0 , 0 , 0 , 0 , 0 , 0 , 0 , 0 , 0 , 0 , 0 , 0 , 0 , 0 , 0 , 0 , 0.9807976366322009 , 0 , 0 , 0 , 0 , 0 , 0.0449438202247191 , 0 , 0 , 0 , 0 , 
8: 0 , 0 , 0 , 0 , 0 , 0 , 0 , 0 , 0 , 0 , 0 , 0 , 0 , 0 , 0.004164931278633903 , 0 , 0.11585365853658537 , 0 , 0 , 
9: 0 , 0 , 0 , 0 , 0 , 0 , 0 , 0 , 0 , 0.02631578947368421 , 0 , 0 , 0.6228070175438597 , 0.978021978021978 , 0 , 
10: 0 , 0 , 0 , 0 , 0 , 0 , 0 , 0 , 0 , 0 , 0 , 0 , 0 , 0 , 0 , 0 , 0 , 0.5619573796369376 , 0 , 0 , 0.21142857142857144 , 0 , 0 , 
11: 0 , 0 , 0 , 0 , 0.10572687224669604 , 0.011194029850746268 , 0 , 0 , 0 , 0 , 0.06038647342995169 , 0.7857581338244322 , 0.07747747747747748 , 0 , 0 , 
12: 0 , 0 , 0 , 0 , 0 , 0 , 0 , 0 , 0 , 0 , 0 , 0 , 0 , 0 , 0 , 0 , 0 , 0 , 0 , 0 , 0 , 0.06144256455921639 , 0 , 0 , 0 , 0 , 0 , 
13: 0 , 0 , 0 , 0 , 0 , 0 , 0 , 0 , 0 , 0 , 0 , 0 , 0 , 0 , 0.0005151983513652757 , 0 , 0 , 0 , 
14: 0 , 0 , 0 , 0 , 0 , 0 , 0 , 0 , 0 , 0 , 0 , 0.002838221381267739 , 0.7580838323353294 , 0 , 0 , 0 , 0 , 0 , 0 , 0 , 0 , 0 , 0 , 
15: 0 , 0 , 0 , 0 , 0 , 0 , 0 , 0 , 0 , 0.20930232558139536 , 0 , 0 , 0 , 0 , 0 , 0 , 0 , 0.009174311926605505 , 0 , 0 , 0 , 0 , 
16: 0 , 0 , 0 , 0.009615384615384616 , 0 , 0 , 0 , 0 , 0 , 0 , 0 , 0 , 0 , 0 , 0.9171339563862928 , 0 , 0 , 0.24369747899159663 , 
17: 0 , 0 , 0.749378771742989 , 0 , 0 , 0 , 0 , 0.046296296296296294 , 0 , 
18: 0 , 0.04521739130434783 , 0 , 0 , 0 , 0.055350553505535055 , 0 , 0.981658692185008 , 0 , 
19: 0 , 0 , 0 , 0 , 0 , 0 , 0 , 0.38726790450928383 , 0 , 0 , 0 , 0 , 0 , 0.013574660633484163 , 0 , 0 , 0 , 0.8855994152046783 , 0 , 0 , 0 , 0.7096774193548387 , 0 , 0 , 0 , 0 , 0 , 0 , 0 , 0 , 
20: 0 , 0 , 0 , 0 , 0 , 0 , 0 , 0 , 0 , 0.928654970760234 , 0 , 0.5728155339805825 , 0 , 0.8881987577639752 , 0.23170731707317074 , 
21: 0 , 0.03225806451612903 , 0 , 0 , 0 , 0 , 0 , 0.4666666666666667 , 0 , 0 , 0 , 0 , 0 , 0.2604166666666667 , 0 , 0 , 0 , 0 , 0 , 0 , 0 , 0.9794976934905176 , 0 , 0 , 0 , 
22: 0 , 0 , 0 , 0 , 0.10101010101010101 , 0 , 0.827708703374778 , 0 , 0 , 0 , 0.0076067875950848445 , 0 , 0 , 0 , 0 , 
23: 0 , 0 , 0 , 0 , 0 , 0 , 0 , 0 , 0 , 0 , 0 , 0.9595340282035562 , 0.12612612612612611 , 0.6625766871165644 , 0.3333333333333333 , 0 , 0 , 0 , 
24: 0 , 0 , 0 , 0 , 0.030303030303030304 , 0 , 0 , 0 , 0 , 0 , 0 , 0.004484304932735426 , 0 , 0 , 0 , 0 , 0 , 
25: 0 , 0 , 0 , 0 , 0 , 0.7034017430418892 , 0 , 0 , 0 , 0 , 0.8571428571428571 , 0 , 0.07096774193548387 , 0 , 0.07186858316221766 , 0.6525679758308157 , 
26: 0 , 0 , 0 , 0.34648664067699914 , 0 , 0 , 0 , 0 , 0 , 0 , 
27: 0 , 0 , 0 , 0 , 0 , 0 , 0.08695652173913043 , 0 , 0 , 0 , 0 , 0 , 0 , 0 , 0 , 0.1746031746031746 , 0 , 0 , 0 , 0 , 0 , 0 , 0 , 0 , 0 , 0 , 
28: 0 , 0 , 0 , 0 , 0 , 0 , 0 , 0 , 0 , 0 , 0.002574002574002574 , 0 , 0 , 0 , 0 , 0 , 0 , 0 , 0 , 0 , 0 , 
29: 0 , 0 , 0 , 0 , 0 , 0 , 0 , 0 , 0 , 0 , 0 , 0 , 0 , 0 , 0 , 0 , 0 , 0 , 0 , 0.029556650246305417 , 0 , 0.8658536585365854 , 0 , 0 , 0 , 
30: 0 , 0 , 0 , 0 , 0 , 0.6075949367088608 , 0.5068836045056321 , 0 , 
31: 0 , 0 , 0.06896551724137931 , 0 , 0 , 0 , 0 , 0 , 0 , 0 , 0 , 0 , 0.12968299711815562 , 0 , 0 , 0 , 0.9162534435261708 , 0 , 0 , 0 , 0 , 0 , 
32: 0 , 0.3076923076923077 , 0 , 0 , 0 , 0 , 0 , 0 , 0 , 0 , 0.03571428571428571 , 0 , 0.10377358490566038 , 0.5632586997572161 , 0 , 
33: 0 , 0 , 0 , 0 , 0 , 0 , 0 , 0.007194244604316547 , 0.08042895442359249 , 0 , 0 , 0 , 0 , 0 , 0.8036286019210246 , 0 , 
34: 0 , 0 , 0 , 0 , 0 , 0 , 0 , 0.009124087591240875 , 0.11956521739130435 , 0 , 0 , 0 , 0 , 0 , 0 , 0 , 0 , 0 , 0 , 0 , 0.35658914728682173 , 
35: 0 , 0 , 0 , 0 , 0 , 0 , 0 , 0 , 0 , 0 , 0.044444444444444446 , 0 , 0 , 0 , 
36: 0 , 0 , 0 , 0.9990530303030303 , 0 , 0 , 0 , 0 , 0 , 
37: 0 , 0 , 0 , 0 , 0 , 0 , 0 , 0 , 0 , 0 , 0 , 0.33399489651261693 , 0 , 0 , 
38: 0 , 0 , 0.05325443786982249 , 0 , 0 , 0 , 0 , 0 , 0.5120350109409191 , 0 , 0 , 0 , 0 , 0 , 
39: 0 , 0 , 0 , 0 , 0.8877118644067796 , 0 , 0 , 0.1111111111111111 , 0 , 0 , 0.17731114987253455 , 0 , 0 , 0 , 0 , 
40: 0 , 0 , 0 , 0 , 0 , 0.022517911975435005 , 0 , 0 , 0 , 0 , 0 , 0.02247191011235955 , 0 , 0.9501287001287001 , 0 , 0 , 0 , 0 , 0 , 
41: 0 , 0 , 0 , 0 , 0 , 0 , 0 , 0 , 0 , 0 , 0 , 0.7183600713012478 , 0 , 0 , 0 , 0 , 0 , 0 , 0 , 0 , 0 , 0 , 0 , 0 , 
42: 0 , 0 , 0 , 0 , 0 , 0 , 0 , 0 , 0 , 0 , 0 , 0 , 0 , 0 , 0 , 0 , 0 , 0 , 0 , 0 , 0.9746168582375478 , 0 , 0 , 0 , 0 , 0 , 0 , 
43: 0 , 0 , 0 , 0 , 0 , 0 , 0 , 0 , 0 , 0.10909090909090909 , 0 , 0 , 0 , 0 , 0 , 0 , 0 , 0 , 0 , 0 , 0 , 0 , 0 , 0 , 0.8964847962044425 , 0 , 0 , 0.05084745762711865 , 0 , 0 , 
44: 0 , 0 , 0.2571428571428571 , 0 , 0 , 0.18072289156626506 , 0 , 0 , 0.6984732824427481 , 0 , 0 , 0 , 
45: 0 , 0 , 0 , 0 , 0 , 0 , 0 , 0.5808823529411765 , 0 , 0 , 0 , 0 , 0 , 0 , 0 , 0 , 0 , 0 , 0 , 0 , 0.5168539325842697 , 0 , 0 , 0 , 0.005917159763313609 , 0 , 
46: 0 , 0 , 0 , 0 , 0 , 0.08620689655172414 , 0 , 0 , 0.5943348507840162 , 0 , 0 , 0 , 0 , 
47: 0 , 0 , 0 , 0 , 0 , 0 , 0.004081632653061225 , 0 , 0 , 0.08333333333333333 , 0 , 0 , 
48: 0 , 0.025297619047619048 , 0.8681672025723473 , 0 , 0 , 0 , 0 , 0 , 0 , 0.00186219739292365 , 0.9952785646836638 , 0 , 0 , 0 , 0 , 0 , 0.31333333333333335 , 0 , 0 , 
49: 0 , 0 , 0 , 0 , 0 , 0 , 0 , 0 , 0.016 , 0 , 0 , 0 , 0 , 0.993801652892562 , 0 , 0 , 
50: 0 , 0 , 0 , 0 , 0 , 0 , 0 , 0 , 0.07252747252747253 , 0.19035714285714286 , 0 , 0.09395307853287807 , 0 , 
51: 0 , 0 , 0 , 0 , 0 , 0 , 0 , 0 , 0.05917159763313609 , 0 , 0 , 0 , 0 , 0 , 0 , 0 , 0 , 0 , 0 , 0 , 0 , 0 , 0 , 
52: 0 , 0 , 0 , 0 , 0 , 0 , 0 , 0 , 0 , 0 , 0 , 0 , 0.032520325203252036 , 0 , 0 , 0 , 0 , 0 , 0 , 0 , 0.0011689070718877848 , 0 , 
53: 0 , 0 , 0 , 0 , 0 , 0 , 0 , 
54: 0 , 0 , 0 , 0 , 0 , 0 , 0 , 0 , 0 , 0.695201037613489 , 0 , 0 , 0 , 0 , 0 , 
55: 0 , 0 , 0 , 0 , 0 , 0 , 0.015706806282722512 , 0 , 0 , 0 , 0 , 0 , 0 , 0 , 0 , 0.034482758620689655 , 0.015834348355663823 , 0 , 0 , 0 , 
56: 0 , 0 , 0 , 0 , 0 , 0 , 0 , 0 , 0.946068340881021 , 0 , 0 , 0 , 0 , 0 , 0 , 0.8888888888888888 , 0 , 0.6055045871559633 , 0 , 0.04326923076923077 , 0 , 
57: 0 , 0 , 0 , 0 , 0.5714285714285714 , 0 , 0 , 0 , 0 , 0.003575685339690107 , 0 , 0 , 0 , 0 , 0.8742194469223907 , 0 , 0 , 0 , 0 , 
58: 0 , 0 , 0 , 0 , 0 , 0 , 0 , 0 , 0 , 0 , 0 , 0 , 0.9218241042345277 , 0 , 0 , 0 , 0.012441679626749611 , 0 , 0 , 0 , 0 , 
59: 0 , 0 , 0 , 0.2555831265508685 , 0.2824098049369929 , 0 , 0 , 0 , 
60: 0 , 0 , 0 , 0 , 0 , 0 , 0 , 0 , 0 , 0 , 0 , 0 , 0 , 0 , 0 , 0 , 0 , 0.13028169014084506 , 0 , 0.7759730309531107 , 0 , 0 , 0 , 0 , 
61: 0 , 0 , 0 , 0 , 0.2111892208553017 , 0.7867494824016563 , 0.02269503546099291 , 0.021825396825396824 , 
62: 0 , 0 , 0 , 0 , 0 , 0 , 0 , 0 , 0 , 0 , 0 , 0.6264970059880239 , 0 , 0 , 0.115 , 0 , 0 , 0 , 0 , 0 , 0 , 
63: 0 , 0 , 0 , 0.042105263157894736 , 0 , 0.9299766588862954 , 0 , 0 , 
64: 0 , 0 , 0 , 0 , 0 , 0.1084788029925187 , 0 , 0.005387931034482759 , 0.023109243697478993 , 0 , 0 , 0.6053333333333333 , 0 , 0 , 0.05263157894736842 , 0 , 
65: 0 , 0 , 0 , 0 , 0 , 0 , 0 , 0 , 0 , 0 , 0 , 0 , 0 , 0 , 0 , 0 , 0 , 0 , 0 , 0 , 0 , 0 , 0 , 0 , 0.5937862950058072 , 0 , 0 , 0 , 0.696969696969697 , 0.3185483870967742 , 0 , 0 , 
66: 0 , 0 , 0 , 0 , 0 , 0 , 0 , 0 , 0 , 0 , 0.9267015706806283 , 0 , 0 , 0 , 0.9877049180327869 , 0.029411764705882353 , 0 , 0.08695652173913043 , 0 , 0 , 
67: 0 , 0 , 0 , 0 , 0 , 0.04 , 0 , 0 , 0 , 0 , 0 , 0 , 0 , 0.9511343804537522 , 0 , 0 , 0 , 0.7985074626865671 , 0.022004889975550123 , 0 , 
68: 0 , 0 , 0 , 0 , 0 , 0 , 0 , 0 , 0 , 0 , 0 , 0 , 0 , 0 , 0 , 0 , 0 , 0.15037086985839515 , 0 , 0 , 0 , 0 , 
69: 0 , 0 , 0 , 0.5655737704918032 , 0 , 0.002997002997002997 , 0.6545866364665912 , 0 , 0 , 0.07959183673469387 , 
70: 0 , 0 , 0 , 0 , 0 , 0 , 0 , 0 , 0 , 0 , 0 , 0 , 0 , 0 , 0 , 0 , 0.01639344262295082 , 0 , 0 , 0 , 0 , 0 , 0 , 0 , 0 , 0 , 0 , 
71: 0 , 0 , 0 , 0 , 0 , 0 , 0 , 0 , 0 , 0 , 0 , 0 , 0 , 0 , 0.8594594594594595 , 0 , 0 , 0.08053691275167785 , 0.6523076923076923 , 
72: 0 , 0 , 0 , 0 , 0 , 0 , 0 , 0 , 0 , 0 , 0 , 0 , 0 , 0 , 0.8013130615065653 , 0 , 0 , 0 , 0 , 0 , 0 , 0 , 0 , 0 , 
73: 0 , 0 , 0.7544378698224852 , 0.0030581039755351682 , 0 , 0.5073170731707317 , 0 , 
74: 0 , 0 , 0.8440860215053764 , 0 , 0 , 0 , 0 , 0.7035928143712575 , 0 , 0.2687427912341407 , 0 , 0 , 0.5992094861660079 , 0 , 
75: 0 , 0 , 0 , 0 , 0 , 0 , 0 , 0 , 0 , 0 , 0 , 0.5721271393643031 , 0 , 0 , 0 , 0 , 
76: 0 , 0 , 0 , 0 , 0 , 0 , 0 , 0 , 0 , 0 , 0 , 0 , 0 , 0 , 0 , 0 , 0 , 0 , 0.0024752475247524753 , 0 , 0 , 0 , 0 , 0 , 0 , 0 , 0 , 0 , 0 , 
77: 0 , 0 , 0 , 0 , 0 , 0 , 0.0021231422505307855 , 0 , 0 , 0 , 0 , 0 , 0.29699248120300753 , 0 , 0 , 0 , 0 , 0 , 0.0015772870662460567 , 0 , 0 , 0.9227272727272727 , 0 , 0 , 0.9482758620689655 , 0 , 
78: 0 , 0.015267175572519083 , 0 , 0 , 0 , 0.06788511749347259 , 0 , 0 , 0 , 0.9528301886792453 , 
79: 0 , 0 , 0 , 0 , 0 , 0 , 0.2949547218628719 , 0 , 0 , 0.9789473684210527 , 0.837160751565762 , 0 , 0 , 0 , 0 , 0 , 0 , 0 , 
80: 0 , 0 , 0 , 0 , 0 , 0 , 0 , 0 , 0 , 0 , 0 , 0.00816326530612245 , 0 , 0 , 0 , 0.936267071320182 , 0 , 0 , 0 , 0 , 
81: 0 , 0 , 0 , 0 , 0 , 0 , 0 , 0 , 0 , 0 , 0.8235294117647058 , 0 , 0 , 0 , 
82: 0 , 0 , 0 , 0 , 0 , 0 , 0 , 0.05397489539748954 , 0.917054591620821 , 0 , 0.31347804139323576 , 0 , 
83: 0 , 0 , 0 , 0 , 0 , 0 , 0 , 0 , 0 , 0 , 0 , 0 , 0 , 0 , 0.20567375886524822 , 0 , 0 , 0 , 0 , 0.08484848484848485 , 0 , 
84: 0 , 0.9703557312252964 , 0 , 0 , 0 , 0.7624179943767573 , 0.00648508430609598 , 0 , 0.14689265536723164 , 0 , 
85: 0 , 0 , 0 , 0 , 0 , 0 , 0 , 0 , 0 , 0.05357142857142857 , 0 , 0 , 0 , 0 , 0 , 0 , 0 , 0 , 0 , 0 , 0 , 0 , 0 , 0 , 0 , 0 , 0 , 
86: 0 , 0 , 0 , 0 , 0 , 0 , 0 , 0 , 0 , 0 , 0 , 0.3888888888888889 , 0 , 0 , 0.03305785123966942 , 0 , 0 , 0 , 0 , 0 , 0 , 0 , 0 , 0 , 0 , 0 , 0 , 0 , 0.1676300578034682 , 0 , 
87: 0 , 0 , 0 , 0 , 0 , 0 , 0.2663316582914573 , 0 , 0 , 0 , 0 , 0 , 0 , 0 , 0 , 0 , 0 , 0 , 0 , 0 , 0 , 0 , 0 , 0 , 0.02834008097165992 , 0 , 0 , 0 , 0 , 0.9166666666666666 , 0 , 0 , 0 , 0 , 0 , 0 , 
88: 0 , 0 , 0 , 0 , 0 , 0 , 0 , 0 , 0 , 0 , 0 , 0 , 0 , 0 , 0 , 0 , 0 , 0 , 0 , 0.31916146508067367 , 0 , 0 , 0 , 0 , 0.001451378809869376 , 0 , 
89: 0 , 0 , 0 , 0.036053130929791274 , 0.8063087991145546 , 0.1388511985526911 , 0 , 0 , 0 , 
90: 0 , 0 , 0 , 0 , 0 , 0 , 0 , 0 , 0 , 0.01253427340383862 , 0 , 0 , 0.02996078431372549 , 0 , 0 , 0.0547945205479452 , 0 , 0 , 
91: 0 , 0 , 0 , 0 , 0 , 0 , 0.05847953216374269 , 0 , 0.7209507042253521 , 0 , 0.5608591885441527 , 0 , 
92: 0 , 0 , 0 , 0 , 0 , 0 , 0 , 0 , 0.05 , 0 , 0 , 0 , 0 , 0 , 0 , 0 , 0 , 0 , 0.8437974683544304 , 0 , 0 , 0.8869565217391304 , 0.6645962732919255 , 
93: 0 , 0 , 0 , 0 , 0 , 0 , 0 , 0 , 0 , 0 , 0 , 0 , 0 , 0 , 0 , 0 , 0 , 0.5565217391304348 , 0.015267175572519083 , 0 , 
94: 0 , 0 , 0 , 0 , 0 , 0 , 0 , 0 , 0 , 0 , 0 , 0 , 0 , 0 , 0.9024390243902439 , 0 , 0 , 0 , 0 , 0 , 0.7538167938931297 , 0 , 0 , 0 , 
95: 0 , 0 , 0 , 0 , 0 , 0 , 0.04081632653061224 , 0 , 0 , 0 , 0 , 0 , 0 , 0 , 0 , 0 , 0 , 0 , 0 , 0 , 0.03875968992248062 , 0 , 0 , 0.956551724137931 , 0 , 0 , 0 , 0.5318352059925093 , 0 , 0 , 
96: 0 , 0 , 0 , 0 , 0 , 0 , 0 , 0 , 0 , 0 , 0 , 0 , 0.005847953216374269 , 0 , 0 , 0 , 0.1330049261083744 , 0 , 0 , 0 , 0 , 0 , 
97: 0 , 0 , 0 , 0 , 0 , 0 , 0 , 0 , 0 , 0 , 0 , 0 , 0 , 0 , 0 , 0 , 0 , 0 , 0 , 0 , 0 , 0 , 0 , 0 , 0.8685631976953547 , 0.13333333333333333 , 0 , 0 , 0 , 
98: 0 , 0 , 0 , 0 , 0 , 0 , 0.04294478527607362 , 0 , 0 , 0 , 0 , 0.9237899073120495 , 0 , 0 , 0 , 0 , 
99: 0 , 0 , 0 , 0 , 0.829452852153667 , 0 , 0.7532430908065426 , 0 , 0.006779661016949152 , 0.5416065416065416 , 0 , 
100: 0 , 0 , 0 , 0 , 0 , 0.02877697841726619 , 0 , 0 , 0 , 0 , 0 , 0 , 0 , 0 , 0.0008936550491510277 , 0 , 0.8253114382785957 , 0 , 0 , 0 , 0 , 
101: 0 , 0 , 0.08571428571428572 , 0 , 0 , 0 , 0 , 0 , 0.1953125 , 0.7706973100026117 , 0 , 0.1017274472168906 , 0 , 0 , 
102: 0 , 0 , 0 , 0 , 0 , 0.06666666666666667 , 0 , 0 , 0.8181818181818182 , 0 , 0 , 0.05263157894736842 , 0 , 0 , 
103: 0 , 0 , 0 , 0 , 0 , 0 , 0.87038158691702 , 0 , 0.22916666666666666 , 0 , 0 , 0 , 0 , 0 , 0 , 0 , 0 , 0 , 0 , 0 , 0 , 0 , 0 , 0 , 0 , 0 , 0 , 0 , 0 , 0 , 0 , 0 , 0 , 0 , 
104: 0 , 0 , 0.8958333333333334 , 0 , 0 , 0.7827629911280102 , 0 , 0 , 0 , 0 , 0 , 
105: 0 , 0 , 0 , 0 , 0 , 0 , 0 , 0 , 0 , 0 , 0 , 0 , 0.8227272727272728 , 0 , 0 , 0.09259259259259259 , 0 , 0 , 0 , 
106: 0 , 0 , 0 , 0 , 0 , 0 , 
107: 0 , 0 , 0 , 0 , 0 , 0 , 0 , 0 , 0 , 0 , 0 , 0.024793388429752067 , 0 , 0 , 0.059248554913294796 , 0.3045822102425876 , 0.5321354526606773 , 0 , 
108: 0 , 0 , 0 , 0 , 0 , 0 , 0 , 0.02702702702702703 , 0 , 0.19825708061002179 , 0 , 0 , 0 , 0 , 0 , 0 , 0 , 0 , 0 , 0.915625 , 0 , 0 , 0 , 0.007462686567164179 , 0 , 0 , 0 , 0 , 
109: 0 , 0 , 0 , 0 , 0 , 0 , 0 , 0 , 0 , 0 , 0 , 0 , 0 , 0 , 0 , 0 , 0 , 0 , 0 , 0 , 0.674364896073903 , 0 , 0 , 0 , 0 , 
110: 0 , 0 , 0 , 0 , 0.03361344537815126 , 0 , 0 , 0 , 0 , 0 , 0 , 0 , 0 , 0.9004398240703718 , 0 , 0 , 0 , 0 , 0 , 0 , 0 , 
111: 0 , 0 , 0 , 0.3625 , 0 , 0 , 0 , 0 , 0 , 0 , 0 , 0 , 0 , 0 , 0 , 0 , 0 , 0 , 0.07758620689655173 , 0.42609699769053117 , 0 , 0 , 0 , 
112: 0 , 0 , 0 , 0 , 0 , 0 , 0 , 0 , 0 , 0 , 0 , 0 , 0 , 0 , 0 , 0 , 0 , 0 , 0 , 0.055776892430278883 , 0 , 0 , 0 , 0 , 1.0 , 0 , 0 , 0 , 0 , 0 , 0 , 0 , 0 , 
113: 0 , 0 , 0.228125 , 0 , 0 , 0 , 0 , 0 , 0.6539792387543253 , 0.15544041450777202 , 0 , 0 , 0 , 0.008264462809917356 , 0 , 0.906392694063927 , 0 , 0 , 0 , 0 , 0 , 
114: 0 , 0 , 0 , 0 , 0.0026109660574412533 , 0.6953740157480315 , 0 , 0 , 
115: 0 , 0 , 0 , 0 , 0 , 0 , 0.026515151515151516 , 0 , 0.2581648522550544 , 0.40853658536585363 , 0 , 0 , 0 , 0 , 
116: 0 , 0 , 0 , 0 , 0 , 0 , 0.038461538461538464 , 0 , 0 , 0 , 0.10232558139534884 , 0 , 0 , 0 , 0 , 0 , 0 , 0 , 
117: 0 , 0 , 0 , 0.9651162790697675 , 0.4219114219114219 , 0.05106382978723404 , 0.16828478964401294 , 0.7186030893216924 , 0 , 0.388646288209607 , 
118: 0 , 0 , 0 , 0 , 0 , 0 , 0 , 0 , 0 , 0 , 0 , 0 , 0 , 0.3851851851851852 , 0 , 0 , 0 , 0.7332686711930165 , 
119: 0 , 0 , 0 , 0.0008795074758135445 , 0 , 0 , 0.9667802385008518 , 0 , 0.03198653198653199 , 0.021937842778793418 , 0 , 0 , 0 , 0 , 0 , 
120: 0 , 0 , 0 , 0 , 0 , 0 , 0.12169312169312169 , 0 , 0 , 0 , 0 , 0.02535211267605634 , 0.7770211279902217 , 0 , 
121: 0 , 0 , 0 , 0 , 0.6387096774193548 , 0 , 0.04878048780487805 , 0.8798283261802575 , 0.00425531914893617 , 0 , 0 , 0 , 0 , 0 , 0 , 0 , 0.27472527472527475 , 
122: 0 , 0.2773109243697479 , 0 , 0 , 0 , 0 , 0 , 0 , 0.12477396021699819 , 0.694086260560249 , 0 , 0 , 0 , 0 , 0 , 0 , 0 , 0 , 0 , 0.22966507177033493 , 0 , 0 , 
123: 0 , 0 , 0.020161290322580645 , 0.002244668911335578 , 0.8848101265822785 , 0.010256410256410256 , 0 , 0 , 0 , 
124: 0 , 0.7894736842105263 , 0.4966313763233879 , 0.25806451612903225 , 0.6378348214285714 , 0.08515448379804069 , 0.0673076923076923 , 0 , 0.6319612590799032 , 
125: 0 , 0 , 0 , 0 , 0 , 0 , 0 , 0.21052631578947367 , 0 , 0 , 0 , 0 , 0.09457092819614711 , 0.5049019607843137 , 0 , 0 , 0 , 
126: 0 , 0 , 0 , 0 , 0 , 0 , 0.018633540372670808 , 0 , 0 , 0 , 0 , 0 , 0.6857142857142857 , 0 , 0 , 0 , 0.2638888888888889 , 0 , 0 , 0 , 0 , 0 , 0 , 0 , 0 , 0 , 0 , 
127: 0 , 0 , 0 , 0 , 0 , 0 , 0 , 0 , 0 , 0 , 0 , 0 , 0 , 0 , 0 , 0 , 0 , 0.0330188679245283 , 0 , 0 , 0 , 0 , 0 , 0 , 0 , 0.028985507246376812 , 0 , 0 , 0.001141552511415525 , 0 , 0 , 0 , 
128: 0 , 0.6744186046511628 , 0 , 0 , 0 , 0 , 0 , 0 , 0 , 0 , 0 , 0 , 0 , 0 , 0 , 0 , 0.9078522768017211 , 0 , 0 , 0 , 
129: 0 , 0 , 0 , 0 , 0 , 0 , 0 , 0 , 0 , 0 , 0 , 0 , 0 , 0 , 0 , 0.9442535318823979 , 0 , 0 , 0 , 0 , 0 , 0 , 0 , 
130: 0 , 0 , 0.6390243902439025 , 0 , 0 , 0 , 0 , 0 , 0 , 0 , 0 , 0 , 0 , 0 , 0 , 0 , 0 , 0 , 0 , 0.793289394847214 , 0 , 0 , 0 , 0 , 0 , 0 , 0 , 
131: 0 , 0 , 0 , 0 , 0 , 0.8104575163398693 , 0 , 0.05989110707803993 , 0 , 0 , 0 , 0 , 0 , 0 , 0 , 0 , 0 , 0.09854014598540146 , 0 , 0 , 0 , 0 , 0 , 0 , 
132: 0 , 0 , 0 , 0 , 0 , 0 , 0 , 0 , 0 , 0 , 0 , 0 , 0 , 0 , 0 , 0 , 0 , 0 , 0 , 0 , 0 , 0 , 0 , 0.7705521472392638 , 0 , 0.34074074074074073 , 
133: 0 , 0 , 0 , 0.6923076923076923 , 0 , 0 , 0 , 0 , 0 , 0 , 0.9957698815566836 , 0 , 0 , 
134: 0 , 0 , 0 , 0 , 0 , 0 , 0 , 0 , 0 , 0 , 0 , 0 , 0 , 0.0005235602094240838 , 0 , 0 , 0.00980392156862745 , 0 , 
135: 0 , 0 , 0 , 0 , 0 , 0.03125 , 0 , 0 , 0 , 0.6593103448275862 , 0 , 0 , 0 , 0 , 0 , 0 , 0 , 
136: 0 , 0 , 0 , 0.6655844155844156 , 0.2880597014925373 , 0.1044776119402985 , 0.315100720482282 , 0 , 
137: 0 , 0 , 0 , 0 , 0 , 0 , 0 , 0 , 0 , 0 , 0 , 0 , 0 , 0 , 0 , 0 , 0 , 0 , 0.013333333333333334 , 0 , 0 , 0 , 0 , 0 , 0 , 0 , 0 , 0 , 0 , 0 , 0 , 
138: 0 , 0 , 0 , 0 , 0 , 0 , 0 , 0 , 0 , 0 , 0 , 0 , 0 , 0 , 0 , 0 , 0.8720379146919431 , 0 , 0 , 0 , 0.03314917127071823 , 0 , 0 , 0 , 0 , 
139: 0 , 0.183206106870229 , 0 , 0 , 0 , 0 , 0 , 0 , 0 , 0 , 0.913986013986014 , 0 , 0 , 0 , 0 , 0 , 0 , 0 , 0.007917174177831911 , 0 , 0 , 0 , 0.014084507042253521 , 0 , 
140: 0 , 0 , 0 , 0 , 0.004761904761904762 , 0 , 0.9065693430656935 , 0 , 0 , 0.4573170731707317 , 0.04265402843601896 , 0.006756756756756757 , 0.08823529411764706 , 0.0364963503649635 , 0 , 
141: 0 , 0 , 0 , 0 , 0 , 0.011111111111111112 , 0 , 0 , 0 , 0.7307692307692307 , 0 , 0.006535947712418301 , 0.6808510638297872 , 0.9074074074074074 , 
142: 0 , 0 , 0 , 0 , 0 , 0 , 0 , 0 , 0.09852216748768473 , 0.6619867549668874 , 0 , 0 , 0 , 0 , 0 , 0 , 
143: 0 , 0 , 0 , 0 , 0 , 0 , 0 , 0 , 0 , 0 , 0 , 0 , 0.014285714285714285 , 0.8368794326241135 , 0 , 0.21341463414634146 , 0 , 
144: 0 , 0 , 0 , 0 , 0.847457627118644 , 0 , 0.0030165912518853697 , 0.7622549019607843 , 0 , 0.36764705882352944 , 0 , 0 , 
145: 0 , 0 , 0 , 0 , 0 , 0 , 0 , 0 , 0 , 0.9974842767295597 , 0.12 , 0 , 
146: 0 , 0 , 0 , 0 , 0.33070866141732286 , 0 , 0 , 0.046966731898238745 , 0 , 0 , 0 , 0.27710843373493976 , 0 , 0.8940397350993378 , 0.04672897196261682 , 0 , 0 , 0.14481185860889395 , 0 , 0 , 0 , 0 , 
147: 0 , 0 , 0 , 0 , 0 , 0 , 0 , 0 , 0 , 0 , 0 , 0 , 0 , 0.5833333333333334 , 0 , 0.008064516129032258 , 0 , 0 , 0.47628973423658155 , 0.05979643765903308 , 
148: 0 , 0 , 0 , 0 , 0 , 0 , 0 , 0 , 0 , 0 , 0 , 0 , 0 , 0 , 0 , 0.05132450331125828 , 0 , 0.09042553191489362 , 0 , 0 , 0 , 0 , 
149: 0 , 0.5434782608695652 , 0 , 0.007142857142857143 , 0 , 0.13306451612903225 , 0 , 0 , 0 , 0 , 0 , 0 , 0 , 0.9757934373318988 , 0.22535211267605634 , 0 , 0 , 0 , 
150: 0 , 0 , 0 , 0 , 0 , 0 , 0 , 0 , 0 , 0 , 0 , 0 , 0.061224489795918366 , 0 , 0 , 0.8960216998191681 , 0 , 0 , 0 , 0 , 0 , 0 , 0 , 
151: 0 , 0 , 0 , 0 , 0 , 0 , 0 , 0 , 0 , 0 , 0.2671232876712329 , 0 , 0 , 0.5185185185185185 , 0 , 0 , 0 , 0 , 0 , 0 , 0 , 0 , 0 , 0 , 0 , 0 , 0 , 
152: 0 , 0 , 0 , 0 , 0 , 0 , 0 , 0 , 0.875 , 0 , 0 , 0.05982905982905983 , 0 , 0 , 0 , 0.8536082474226804 , 0 , 0 , 
153: 0 , 0 , 0 , 0.8909985935302391 , 0 , 0 , 0 , 0 , 0 , 0.02857142857142857 , 0 , 0 , 0 , 0.7754237288135594 , 0.17004504504504506 , 0 , 0 , 0 , 0 , 0 , 0 , 0 , 
154: 0 , 0 , 0 , 0 , 0 , 0 , 0 , 0 , 0 , 0 , 0 , 0 , 0 , 0 , 0 , 0.7786774628879892 , 0.012084592145015106 , 0 , 0 , 0 , 0 , 0 , 
155: 0 , 0 , 0.4669211195928753 , 0 , 0 , 0 , 0 , 0 , 
156: 0 , 0.010135135135135136 , 0 , 0 , 0 , 0 , 0 , 0 , 0 , 0 , 0 , 0 , 0.6419753086419753 , 0 , 0 , 0 , 0 , 0 , 0 , 0.02826086956521739 , 0 , 0 , 0 , 0.025 , 0 , 0 , 
157: 0 , 0 , 0 , 0 , 0 , 0 , 0 , 0 , 0 , 0 , 0 , 0 , 0 , 0 , 0 , 0 , 0 , 0 , 0 , 0 , 0 , 0 , 0 , 0.7085368690393115 , 0 , 0 , 0.9873417721518988 , 0 , 0 , 0 , 0 , 0 , 0 , 0 , 0 , 0 , 
158: 0 , 0 , 0.0038461538461538464 , 0.7795275590551181 , 0 , 0 , 0 , 
159: 0 , 0 , 0 , 0 , 0 , 0 , 0 , 0.05027932960893855 , 0.17049180327868851 , 0.7585335018963337 , 0 , 0 , 0 , 0 , 0 , 0 , 0 , 0 , 
160: 0 , 0 , 0 , 0 , 0.034482758620689655 , 0 , 0 , 0 , 0.003703703703703704 , 0 , 0.7360406091370558 , 0 , 0.14336016096579476 , 0 , 0 , 0 , 0 , 0 , 0 , 0 , 0 , 
161: 0 , 0 , 0.8145371577574967 , 0 , 0 , 0 , 0 , 
162: 0 , 0 , 0 , 0 , 0 , 0 , 0 , 0 , 0 , 0.7445255474452555 , 0.004878048780487805 , 0.4225352112676056 , 0.008547008547008548 , 
163: 0 , 0.2753623188405797 , 0 , 0.4182692307692308 , 0 , 0 , 0 , 0 , 0 , 0 , 0.9287054409005628 , 0.0196078431372549 , 0.008771929824561403 , 0 , 0 , 
164: 0 , 0 , 0.09528535980148883 , 0 , 0.06510681586978637 , 0.862603305785124 , 0.143646408839779 , 0 , 0 , 0 , 0.5689655172413793 , 0 , 
165: 0 , 0 , 0.010752688172043012 , 0 , 0 , 0 , 0 , 0 , 0 , 
166: 0 , 0 , 0 , 0 , 0 , 0 , 0 , 0 , 0 , 0 , 0 , 0 , 0 , 0 , 0 , 0 , 0 , 0 , 0 , 0 , 0 , 0.022727272727272728 , 
167: 0 , 0 , 0 , 0 , 0 , 0 , 0 , 0 , 0.6486486486486487 , 0 , 0 , 0.1799163179916318 , 0 , 0 , 0 , 0 , 0 , 0 , 0 , 0.7741079327631967 , 0 , 0.5606060606060606 , 0 , 
168: 0 , 0 , 0 , 0 , 0 , 0 , 0 , 0 , 0 , 0.014925373134328358 , 0 , 0 , 0 , 0 , 0 , 0 , 0 , 0 , 0 , 0 , 0 , 0 , 0.9683860232945092 , 0 , 0 , 0 , 
169: 0 , 0 , 0 , 0 , 0.02169491525423729 , 0 , 0 , 0.7612516073724818 , 0 , 0 , 0.02857142857142857 , 0 , 0 , 
170: 0 , 0 , 0 , 0 , 0 , 0 , 0 , 0 , 0.01813110181311018 , 0 , 0 , 0 , 0 , 0.0196078431372549 , 0 , 0 , 0 , 
171: 0 , 0 , 0 , 0 , 0 , 0 , 0.3860759493670886 , 0 , 0 , 0 , 0.006329113924050633 , 0 , 0 , 0 , 0 , 0 , 0 , 0 , 0 , 0 , 0 , 0.27692307692307694 , 0 , 
172: 0 , 0 , 0 , 0.03625576796308504 , 0.8755746245786087 , 0 , 0 , 0 , 0.9620253164556962 , 0 , 
173: 0 , 0 , 0.041666666666666664 , 0 , 0 , 0 , 0 , 0 , 0 , 0 , 0 , 0 , 0.23067010309278352 , 0 , 0 , 
174: 0 , 0 , 0 , 0 , 0.11475409836065574 , 0 , 0.8970588235294118 , 0.8954545454545455 , 0 , 0 , 
175: 0 , 0 , 0 , 0 , 0 , 0 , 0 , 0 , 0 , 0 , 0 , 0.012008281573498964 , 0.004889975550122249 , 0.06779661016949153 , 0 , 0 , 0 , 0.06 , 0 , 0 , 0 , 
176: 0 , 0.11842105263157894 , 1.0 , 0 , 0 , 0 , 0 , 0 , 0.2777777777777778 , 0.6607773851590106 , 
177: 0 , 0 , 0 , 0 , 0 , 0 , 0 , 0 , 0 , 0 , 0 , 0 , 0 , 0 , 0 , 0 , 0 , 0 , 0 , 0 , 0 , 0 , 0.6195043964828137 , 0 , 0 , 0 , 0 , 0 , 0 , 0 , 0 , 0 , 0 , 0 , 0 , 0 , 0 , 0 , 0 , 0 , 
178: 0 , 0 , 0 , 0.4514480408858603 , 0 , 0 , 0 , 0 , 0 , 0 , 0.5739275114668585 , 0 , 0 , 0 , 0 , 0 , 0 , 
179: 0 , 0 , 0 , 0 , 0 , 0 , 0 , 0 , 0 , 0 , 0 , 0 , 0 , 0 , 0 , 0 , 0 , 0.36024844720496896 , 0.5631986242476354 , 0 , 0 , 
180: 0 , 0 , 0 , 0 , 0.1206896551724138 , 0.6041934103551562 , 0.12330097087378641 , 0.5061728395061729 , 0 , 0 , 
181: 0 , 0 , 1.0 , 0 , 0 , 0 , 0 , 0 , 0 , 0 , 0 , 0.8229166666666666 , 
182: 0 , 0 , 0 , 0 , 0 , 0 , 0 , 0 , 0 , 0 , 0 , 0 , 0 , 0 , 0 , 0 , 0 , 0 , 0 , 0.9555661729574773 , 0.04245283018867924 , 0.014925373134328358 , 0 , 0 , 
183: 0 , 0 , 0 , 0.012605042016806723 , 0 , 0 , 0 , 0 , 0 , 0 , 0 , 0 , 0.014084507042253521 , 0 , 0 , 0.02810304449648712 , 0 , 0 , 0 , 0 , 0 , 0 , 0 , 
184: 0 , 0 , 0 , 0 , 0 , 0 , 0 , 0 , 0 , 0 , 0 , 0 , 0 , 0 , 0 , 0 , 0 , 0 , 0 , 0 , 0 , 0 , 0.899652260307998 , 0 , 0 , 0 , 0 , 0 , 0 , 0 , 0 , 
185: 0 , 0 , 0 , 0 , 0 , 0 , 0 , 0 , 0 , 0 , 0 , 0 , 0.46905537459283386 , 
186: 0 , 0 , 0 , 0 , 0 , 0 , 0 , 0 , 0.18943298969072164 , 0 , 0.23513513513513515 , 0 , 0.2924924924924925 , 0 , 0.7894736842105263 , 0 , 0.8256704980842912 , 0 , 0 , 
187: 0 , 0 , 0 , 0 , 0 , 0 , 0 , 0 , 0 , 0 , 0 , 0 , 0 , 0 , 0 , 0 , 0 , 0 , 0 , 0 , 0 , 0 , 0 , 0.13 , 0 , 0 , 0 , 0 , 0 , 0 , 0 , 0 , 0 , 0.8171185539606592 , 
188: 0 , 0 , 0 , 0 , 0 , 0 , 0 , 0 , 0 , 0 , 0.8439306358381503 , 0 , 0.007575757575757576 , 0 , 0 , 0 , 0.9651508712282193 , 0 , 0 , 0 , 
189: 0 , 0.028745644599303136 , 0 , 0 , 0 , 0 , 0 , 
190: 0 , 0 , 0 , 0.12883435582822086 , 0 , 0.0006811989100817438 , 0 , 0 , 0 , 0 , 0 , 0 , 0 , 0 , 0 , 0 , 0 , 0 , 0 , 0 , 0 , 0 , 0.9351032448377581 , 0 , 0 , 0 , 0.583547557840617 , 0 , 
191: 0 , 0 , 0 , 0 , 0 , 0 , 0 , 0 , 0.7567567567567568 , 0 , 0 , 0 , 0 , 0 , 0 , 0 , 0 , 0.9461538461538461 , 0.08244680851063829 , 0 , 0 , 0 , 0 , 0 , 
192: 0 , 0 , 0.5428571428571428 , 0 , 0 , 0.13333333333333333 , 0 , 0.041666666666666664 , 0 , 0 , 0 , 0.018867924528301886 , 0 , 0.12849162011173185 , 
193: 0 , 0.010219530658591975 , 0 , 0.12713754646840147 , 0.7101525512887954 , 0 , 0 , 0 , 
194: 0 , 0 , 0 , 0 , 0 , 0 , 0 , 0 , 0 , 0 , 0 , 0 , 0 , 0 , 0 , 0 , 0 , 0 , 
195: 0 , 0 , 0.5705525561554355 , 0 , 0 , 0 , 0.9010507880910683 , 0.0027472527472527475 , 0 , 
196: 0 , 0 , 0 , 0 , 0 , 0 , 0 , 0 , 0 , 0 , 0 , 0 , 0 , 0 , 0 , 0 , 0 , 0 , 0 , 0 , 0 , 0.9914367269267365 , 0 , 0 , 0 , 0 , 0 , 0 , 0 , 0 , 0 , 
197: 0 , 0 , 0 , 0 , 0 , 0 , 0.5027624309392266 , 0 , 0 , 0 , 0 , 0 , 0 , 0.886783042394015 , 0 , 0.3282442748091603 , 0 , 0 , 
198: 0 , 0 , 0 , 0 , 0 , 0 , 0.039739884393063585 , 0 , 0 , 1.0 , 0 , 0.8257328990228013 , 0 , 
199: 0 , 0 , 0 , 0 , 0 , 0 , 0.8658536585365854 , 0 , 0 , 0 , 
200: 0 , 0 , 0 , 0 , 0 , 0 , 0 , 0 , 0 , 0 , 0 , 0 , 0 , 0 , 0 , 0 , 0 , 0 , 0.7373493975903614 , 0 , 0 , 0 , 
201: 0 , 0 , 0 , 0 , 0 , 0 , 0 , 0 , 0 , 0 , 0 , 0 , 0 , 0 , 0 , 0 , 0 , 0 , 0.8259187620889749 , 0 , 0 , 0 , 0 , 0 , 0 , 
202: 0 , 0 , 0 , 0 , 0 , 0 , 0 , 0.13798541297062883 , 0 , 0 , 0 , 0 , 0 , 0 , 0 , 0 , 0 , 0 , 0 , 0 , 0 , 0 , 0 , 0 , 0.7948717948717948 , 0 , 0 , 0 , 0 , 
203: 0 , 0 , 0 , 0 , 0 , 0 , 0 , 0 , 0 , 0 , 0 , 0 , 0 , 0 , 0 , 0 , 0 , 0 , 0 , 0 , 0 , 0.05080213903743316 , 0 , 0 , 
204: 0 , 0 , 0 , 0 , 0.2182672934855608 , 0 , 0 , 0 , 0 , 
205: 0 , 0.16169154228855723 , 0.6359223300970874 , 0 , 0 , 0 , 0.19362745098039216 , 0.31236315866296893 , 0.0684931506849315 , 0.09722222222222222 , 0.9532163742690059 , 0 , 
206: 0 , 0 , 0 , 0 , 0 , 0 , 0 , 0 , 0 , 0 , 0 , 0 , 0 , 0 , 0 , 0 , 0 , 0 , 0 , 0.00816326530612245 , 0 , 0 , 0 , 0 , 0 , 0 , 0.9215277777777777 , 0 , 0 , 0 , 0 , 0 , 
207: 0 , 0 , 0 , 0 , 0 , 0 , 0 , 0 , 0 , 0 , 0 , 0 , 0.004066780821917808 , 0 , 0 , 0 , 0 , 0 , 0 , 0 , 0.9536354056902002 , 0 , 0 , 
208: 0 , 0 , 0 , 0 , 0.9024179620034543 , 0 , 0 , 0.8163265306122449 , 0 , 0 , 
209: 0 , 0 , 0.2682926829268293 , 0 , 0 , 0 , 0 , 0 , 0.009433962264150943 , 0 , 0 , 0 , 0 , 0 , 0 , 0 , 0 , 0 , 0.9232827832292596 , 0 , 
210: 0 , 0 , 0 , 0 , 0 , 0 , 0 , 0 , 0.3181818181818182 , 0 , 0 , 0 , 0 , 0 , 0 , 0 , 0 , 0 , 0 , 0 , 0 , 0 , 0 , 0 , 0 , 
211: 0 , 0 , 0 , 0 , 0.06349206349206349 , 0 , 0 , 0 , 0 , 0 , 0 , 0 , 0 , 0 , 0 , 0 , 0.24561403508771928 , 0.37528604118993136 , 0 , 0 , 0 , 0 , 
212: 0 , 0 , 0 , 0 , 0.055 , 0 , 0.35714285714285715 , 0 , 0.5263157894736842 , 0 , 0 , 0 , 0.5761316872427984 , 0.023076923076923078 , 0 , 
213: 0 , 0.02586206896551724 , 0 , 0.39896373056994816 , 0.09649122807017543 , 0.038461538461538464 , 0.7805755395683454 , 0.6528662420382165 , 0 , 0 , 0 , 0 , 
214: 0 , 0 , 0.3572033898305085 , 0 , 0 , 0 , 0 , 0 , 0 , 0 , 0 , 0.9055299539170507 , 0 , 0 , 0.1903409090909091 , 0 , 0 , 
215: 0 , 0 , 0 , 0 , 0 , 0 , 0 , 0 , 0.05555555555555555 , 0 , 0 , 0 , 0.3513098551002783 , 0 , 0 , 0 , 0 , 0 , 0 , 0 , 0.9266666666666666 , 
216: 0 , 0.30313588850174217 , 0 , 0 , 0 , 0.00291970802919708 , 0 , 0.04036697247706422 , 0.7777777777777778 , 0 , 0 , 0 , 0 , 0 , 0 , 0 , 0 , 0 , 0 , 0 , 0.7188693659281895 , 0 , 0 , 
217: 0 , 0 , 0 , 0 , 0 , 0 , 0 , 0 , 0 , 0 , 0 , 0 , 0.013513513513513514 , 0 , 0 , 0 , 0 , 0 , 0 , 0.014285714285714285 , 0 , 0 , 0 , 0 , 0.9944852941176471 , 0 , 0 , 0 , 0 , 0 , 0 , 0 , 0 , 0.42095115681233936 , 0 , 0 , 0 , 
218: 0 , 0 , 0 , 0 , 0 , 0.0924092409240924 , 0 , 0 , 0.9827586206896551 , 0 , 0 , 0 , 0 , 0 , 0 , 0 , 0.9324324324324325 , 
219: 0 , 0 , 0 , 0.013745704467353952 , 0 , 0.07235621521335807 , 0.002183406113537118 , 0.6247755834829444 , 0 , 0 , 
220: 0 , 0 , 0.009523809523809525 , 0.08868501529051988 , 0 , 0 , 0 , 0 , 0 , 0 , 0.8459601739528496 , 0.08395989974937343 , 0 , 
221: 0 , 0 , 0 , 0 , 0 , 0 , 0 , 0 , 0 , 0 , 0 , 0 , 0 , 0 , 0 , 0 , 0 , 0.291005291005291 , 0.2857142857142857 , 
222: 0 , 0 , 0 , 0.9156626506024096 , 0 , 0 , 0 , 0.03488372093023256 , 0.9096296296296297 , 0 , 0 , 0 , 
223: 0 , 0 , 0.6814159292035398 , 0.18482905982905984 , 0.21666666666666667 , 0 , 0 , 0 , 
224: 0 , 0 , 0 , 0 , 0 , 0 , 0 , 0 , 0 , 0 , 0.9496808111152835 , 0 , 0 , 0 , 0 , 0 , 0 , 0 , 0 , 
225: 0 , 0 , 0 , 0 , 0 , 0 , 0 , 0 , 0.6066543438077634 , 0 , 0.026755852842809364 , 0.18566775244299674 , 0 , 
226: 0 , 0 , 0 , 0.9545454545454546 , 0.18471337579617833 , 0 , 0 , 0 , 0 , 0 , 0 , 0 , 0 , 0.8795918367346939 , 
227: 0 , 0 , 0 , 0 , 0 , 0 , 0.432258064516129 , 0.3021265560165975 , 0 , 0 , 
228: 0 , 0.40148698884758366 , 0.926673751328374 , 0.0013698630136986301 , 0.004736842105263158 , 0 , 0.994413407821229 , 0.009124087591240875 , 
229: 0 , 0 , 0 , 0 , 0 , 0 , 0 , 0 , 0.06896551724137931 , 0 , 0 , 0 , 0.6381909547738693 , 0 , 0 , 0 , 0 , 
230: 0 , 0 , 0 , 0.03915171288743882 , 0 , 0 , 0 , 0 , 0 , 0 , 0 , 0.9177033492822967 , 0 , 0 , 0 , 0 , 0 , 
231: 0 , 0 , 0 , 0 , 0 , 0 , 0 , 0 , 0 , 0 , 0 , 0 , 0 , 0 , 0 , 0 , 0 , 0.014241055922195206 , 0 , 0 , 0 , 0 , 0 , 0 , 0 , 0 , 0 , 0 , 0.40304182509505704 , 0 , 0 , 0 , 0 , 
232: 0 , 0 , 0 , 0.03619909502262444 , 0 , 0 , 0.5952080706179067 , 0.9142857142857143 , 0 , 0.009345794392523364 , 
233: 0 , 0 , 0.0035087719298245615 , 0 , 0 , 0.8193681318681318 , 0 , 0 , 0 , 0 , 0.36792452830188677 , 0 , 0 , 0.17035641387972994 , 0 , 
234: 0 , 0 , 0 , 0 , 0 , 0 , 0 , 0 , 0 , 0.35789473684210527 , 0 , 0 , 0 , 0 , 0 , 0.15476190476190477 , 0 , 0 , 0 , 0 , 0 , 0 , 0 , 0 , 
235: 0 , 0.42857142857142855 , 0.11607142857142858 , 0.2719298245614035 , 0.004464285714285714 , 0 , 0.6845110635260528 , 0.7831325301204819 , 0 , 0.9373831775700935 , 
236: 0 , 0.1683366733466934 , 0.00985663082437276 , 0.04826732673267327 , 0.8172235927337969 , 0 , 0.002190923317683881 , 0 , 
237: 0 , 0 , 0 , 0 , 0 , 0 , 0 , 0 , 0 , 0 , 0 , 0 , 0 , 0 , 0 , 0 , 0 , 0 , 0 , 0.24757281553398058 , 0 , 0 , 0.8972972972972973 , 0 , 0 , 0 , 
238: 0 , 0 , 0 , 0 , 0 , 0 , 0 , 0 , 0 , 
239: 0 , 0.19736842105263158 , 0 , 0 , 0 , 0 , 0 , 0 , 0 , 0 , 0.5353535353535354 , 0.06748466257668712 , 0 , 0 , 0 , 0 , 
240: 0 , 0 , 0 , 0 , 0 , 0 , 0 , 0 , 0.9032258064516129 , 0 , 0 , 0.6113236419280795 , 0 , 0 , 0.04411764705882353 , 0 , 0 , 0 , 0 , 0 , 0 , 0.3583061889250814 , 0 , 0 , 0 , 0.3896260554885404 , 0 , 
241: 0 , 0 , 0 , 0 , 0 , 0 , 0.9381746810598626 , 0 , 0 , 0.8333333333333334 , 0.17525773195876287 , 0 , 
242: 0 , 0 , 0 , 0 , 0 , 0 , 0 , 0.01744186046511628 , 0 , 0 , 0 , 0 , 0 , 0.9369175627240144 , 0 , 0 , 0.06382978723404255 , 0 , 
243: 0 , 0 , 0.8737864077669902 , 0 , 0.08222811671087533 , 0 , 0 , 0 , 0 , 0 , 0.9668109668109668 , 0 , 0 , 0 , 0 , 0 , 
244: 0 , 0 , 0 , 0 , 0 , 0 , 0.40131578947368424 , 0.015657620041753653 , 0.5600298284862043 , 0 , 0 , 0 , 0 , 0 , 0 , 
245: 0 , 0 , 0 , 0 , 0 , 0 , 0.3316582914572864 , 0 , 0 , 0 , 0 , 0 , 0 , 0 , 0 , 0.9577022006287511 , 0.6853823814133592 , 0 , 0 , 0 , 0 , 0.0748663101604278 , 0 , 
246: 0 , 0 , 0 , 0 , 0.029082774049217 , 0 , 0 , 0 , 0 , 0 , 0 , 0 , 0 , 0 , 0 , 0 , 0.0027624309392265192 , 0 , 0.4734593068841148 , 0 , 0 , 
247: 0 , 0 , 0 , 0 , 0 , 0 , 0 , 0 , 0 , 0 , 0 , 0 , 0 , 0 , 0 , 0 , 0 , 0 , 0 , 0 , 0 , 0.2669902912621359 , 0 , 0 , 0 , 0 , 0 , 0 , 0 , 0 , 0 , 0 , 0.01818181818181818 , 0 , 0.181509754028838 , 0 , 0 , 0 , 0 , 
248: 0 , 0 , 0.8783783783783784 , 0 , 0 , 0 , 0 , 0 , 0 , 0 , 0 , 0 , 0 , 0 , 0 , 0 , 0.028862478777589132 , 0 , 0 , 0.004464285714285714 , 0 , 0.9838241393612609 , 0.3076923076923077 , 
249: 0 , 0.9362549800796812 , 0 , 0 , 0 , 0 , 0.49079754601226994 , 0.569078947368421 , 0.16574585635359115 , 
250: 0 , 0 , 0 , 0 , 0 , 0 , 0 , 0 , 0 , 0 , 0 , 0 , 0 , 0 , 0 , 0 , 0 , 0 , 0 , 0 , 0 , 0 , 0 , 0 , 0 , 0 , 0 , 0 , 0.46559485530546624 , 0.0944055944055944 , 0.046153846153846156 , 0 , 0 , 0 , 
251: 0 , 0 , 0 , 0 , 0 , 0.05967741935483871 , 0 , 0 , 0 , 0 , 0 , 0.019417475728155338 , 0.3125 , 0 , 0 , 
252: 0 , 0 , 0 , 0 , 0 , 0 , 0 , 0.04285714285714286 , 0 , 0.3862857142857143 , 0 , 0 , 0.5999517723655655 , 0 , 0 , 0 , 0 , 0 , 0 , 0 , 0 , 
253: 0 , 0 , 0.6583850931677019 , 0 , 0.3042050533613062 , 0.6744868035190615 , 0 , 
254: 0 , 0 , 0 , 0 , 0.005988023952095809 , 0 , 0 , 0 , 0 , 0 , 0 , 0 , 0.9354838709677419 , 0 , 0 , 0 , 0.8366769547325102 , 0 , 0 , 0 , 0 , 0 , 0 , 0 , 0 , 0 , 0 , 0 , 0 , 0 , 0 , 0 , 0 , 0.6720955483170467 , 0 , 0 , 
255: 0 , 0 , 0 , 0 , 0 , 0 , 0.7215686274509804 , 0.7928176795580111 , 0.2272416153319644 , 0 , 0 , 0.008488964346349746 , 0 , 0 , 0 , 0 , 
256: 0 , 0 , 0 , 0 , 0.009216589861751152 , 0 , 0 , 0 , 0 , 0 , 0 , 0 , 0 , 0 , 0 , 0 , 0 , 0 , 0 , 0 , 0 , 0.9833564493758669 , 0.16113744075829384 , 
257: 0 , 0.59375 , 0 , 0.31512605042016806 , 0 , 0 , 0.9864603481624759 , 0 , 0.12429378531073447 , 
258: 0 , 0 , 0 , 0 , 0.41714285714285715 , 0 , 0 , 0 , 0 , 0 , 0 , 0 , 0 , 0 , 0 , 0.04 , 0 , 0 , 0 , 0 , 0.17941176470588235 , 0 , 0 , 0 , 0 , 0.013201320132013201 , 0.9775280898876404 , 
259: 0 , 0 , 0.7973568281938326 , 0.5094339622641509 , 0 , 0 , 0 , 0 , 0.21993127147766323 , 0.0545876887340302 , 0 , 0 , 0 , 0.46290253936728615 , 
260: 0 , 0.8620689655172413 , 0 , 0 , 0 , 0 , 0 , 0.9069192751235585 , 0 , 
261: 0 , 0 , 0 , 0.8171114599686028 , 0 , 0 , 0 , 0 , 
262: 0 , 0 , 0 , 0 , 0 , 0 , 0.05293276108726753 , 0.6765558397271952 , 0 , 0 , 
263: 0 , 0 , 0 , 0 , 0 , 0 , 0 , 0 , 0 , 0 , 0 , 0 , 0 , 0 , 0 , 0 , 0 , 0 , 0 , 0 , 0 , 0 , 0 , 0 , 
264: 0 , 0 , 0 , 0 , 0 , 0 , 0 , 0 , 0 , 0 , 0 , 0 , 0 , 0.0013531799729364006 , 0.027927927927927927 , 0.5460750853242321 , 0.03631961259079903 , 
265: 0 , 0 , 0 , 0.03283582089552239 , 0 , 0 , 0 , 0 , 0 , 0 , 0.00273224043715847 , 0 , 0.6815665368054131 , 0 , 0 , 
266: 0 , 0 , 0 , 0 , 0 , 0 , 0 , 0 , 0 , 0 , 0 , 0 , 0 , 0 , 0 , 0 , 0 , 0 , 0 , 0 , 0.9362872864176078 , 0 , 0 , 
267: 0 , 0 , 0 , 0 , 0 , 0 , 0 , 0 , 0 , 0 , 0 , 0 , 0 , 0 , 0 , 0 , 0 , 0 , 0 , 0 , 0.5803108808290155 , 0.06233062330623306 , 0 , 0 , 0 , 0 , 
268: 0 , 0 , 0 , 0 , 0 , 0 , 0 , 0 , 0 , 0.007901668129938543 , 0 , 0 , 0 , 0 , 0 , 0 , 0 , 0 , 0 , 0 , 0.7436273073542338 , 0.7885714285714286 , 0.07407407407407407 , 
269: 0 , 0 , 0 , 0 , 0 , 0 , 0 , 0 , 0 , 0 , 
270: 0 , 0 , 0 , 0 , 0 , 0 , 0 , 0 , 0 , 0 , 0 , 0 , 0 , 0 , 0 , 0.3870967741935484 , 0 , 0 , 0 , 0 , 0 , 0 , 0 , 0 , 0 , 0 , 0 , 0 , 0 , 0.8622696411251213 , 0 , 0 , 0 , 0 , 0 , 0 , 0 , 0 , 0 , 0 , 0 , 
271: 0 , 0 , 0 , 0.04307116104868914 , 0 , 0 , 0 , 0.003424657534246575 , 0 , 0 , 0.9203539823008849 , 0.311336717428088 , 
272: 0 , 0 , 0 , 0 , 0 , 0 , 0.44021739130434784 , 0.7321428571428571 , 0 , 0.046357615894039736 , 0 , 0.07547169811320754 , 0 , 0 , 0 , 0 , 
273: 0 , 0 , 0 , 0 , 0 , 0 , 0 , 0 , 0 , 0.37401574803149606 , 0 , 0 , 0 , 0.3076923076923077 , 0 , 0 , 0 , 0.045454545454545456 , 0 , 0 , 0 , 0 , 0.7674865488086088 , 0 , 0 , 0 , 0 , 0 , 0 , 0.14285714285714285 , 
274: 0 , 0.0821917808219178 , 0 , 0 , 0 , 0 , 0 , 0 , 0 , 0 , 0.12237762237762238 , 0.20535001330849081 , 0 , 
275: 0 , 0 , 0 , 0.791683247115002 , 0.016354715609667454 , 0 , 0.009523809523809525 , 0 , 
276: 0 , 0 , 0.47368421052631576 , 0.06349206349206349 , 0 , 0.03151862464183381 , 0 , 0 , 0 , 
277: 0 , 0 , 0 , 0 , 0.012269938650306749 , 0.1238390092879257 , 0 , 0 , 0 , 0 , 0 , 0.18831699346405228 , 0 , 0 , 0.15178571428571427 , 0 , 0 , 0 , 0 , 
278: 0 , 0 , 0 , 0 , 0 , 0 , 0 , 0 , 0 , 0.01935483870967742 , 0 , 0 , 0 , 0 , 0.8592337494619027 , 0 , 0 , 0 , 0 , 0 , 0 , 0 , 0 , 0 , 0 , 0 , 0.2767475035663338 , 0 , 0 , 
279: 0 , 0 , 0 , 0.04897959183673469 , 0 , 0 , 0 , 0 , 0 , 0 , 0 , 0 , 0 , 0 , 0 , 0 , 0 , 0 , 0.6882770870337478 , 0 , 
280: 0 , 0 , 0 , 0 , 0 , 0 , 0.03409090909090909 , 0 , 0.008264462809917356 , 0 , 0 , 0 , 0 , 0 , 0.5239477503628447 , 0 , 0 , 0 , 
281: 0 , 0 , 0 , 0 , 0 , 0 , 0 , 0 , 0 , 0 , 0 , 0 , 0 , 0.03571428571428571 , 0 , 0.2536231884057971 , 0.23809523809523808 , 0 , 
282: 0 , 0.8028985507246377 , 0 , 0 , 0.007022471910112359 , 0 , 0 , 0 , 0 , 0 , 0 , 0.007853403141361256 , 0 , 0.8372943327239488 , 0.5504587155963303 , 0 , 
283: 0 , 0 , 0 , 0 , 0.09178743961352658 , 0 , 0 , 0.0016638935108153079 , 0.986559908492994 , 0.11984781230183894 , 0 , 0 , 0 , 0.022641509433962263 , 0 , 
284: 0 , 0 , 0 , 0 , 0.34328358208955223 , 0 , 0 , 0.7708618331053352 , 0.09923664122137404 , 0.0012106537530266344 , 
285: 0 , 0 , 0 , 0 , 0 , 0 , 0 , 0.7160077145612344 , 0 , 0 , 0 , 0 , 0 , 0.038461538461538464 , 0 , 
286: 0 , 0 , 0 , 0.02564102564102564 , 0 , 0 , 0 , 0 , 0 , 0 , 0 , 0 , 0 , 0 , 0 , 0 , 0 , 0.058091286307053944 , 0.19223985890652556 , 0.7849305047549379 , 0 , 0 , 
287: 0 , 0 , 0 , 0 , 0 , 0 , 0 , 0 , 0.9614325068870524 , 0 , 0 , 0 , 0 , 0 , 0 , 0.009828009828009828 , 0 , 0 , 0 , 0 , 0.8534136546184738 , 0 , 0 , 0 , 0 , 
288: 0 , 0.7586206896551724 , 0.0106951871657754 , 0 , 0 , 0 , 0 , 0 , 0 , 0 , 
289: 0 , 0 , 0 , 0 , 0 , 0 , 0 , 0 , 0 , 0 , 0 , 0 , 0 , 0 , 0 , 0 , 0 , 0 , 0 , 0 , 0 , 0 , 0 , 0.036736898973527825 , 0 , 0.6274509803921569 , 0 , 0 , 0 , 
290: 0 , 0 , 0 , 0 , 0 , 0 , 0 , 0 , 0 , 0 , 0 , 0.06081754735792622 , 0 , 0 , 0 , 0 , 0.2129836904381196 , 0.07142857142857142 , 0 , 
291: 0 , 0 , 0 , 0 , 0 , 0 , 0 , 0.9183152520740268 , 0 , 0.011363636363636364 , 0 , 0 , 0 , 0 , 0.9755102040816327 , 0 , 
292: 0 , 0 , 0 , 0 , 0 , 0 , 0 , 0 , 0 , 0 , 0 , 0 , 0.2231404958677686 , 0 , 0.40441176470588236 , 0 , 0 , 0 , 0 , 0 , 0 , 0 , 0.003968253968253968 , 0 , 
293: 0 , 0 , 0.02040816326530612 , 0 , 0 , 0 , 0 , 0 , 0 , 0.7838776928422516 , 0 , 0 , 0 , 0.04961103772200205 , 0 , 0 , 0 , 0 , 
294: 0 , 0 , 0 , 0 , 0 , 0 , 0 , 0 , 0 , 0 , 0 , 0 , 0.1881720430107527 , 0.033873343151693665 , 0 , 0 , 0 , 0 , 0 , 0 , 0 , 0 , 0 , 0 , 0 , 
295: 0 , 0.05029585798816568 , 0 , 0.8877665544332211 , 0.036458333333333336 , 0 , 0 , 0 , 0 , 0 , 0 , 0 , 0 , 
296: 0 , 0 , 0 , 0 , 0 , 0.9058413251961639 , 0 , 0 , 0.02 , 0.9821664464993395 , 0.055944055944055944 , 0 , 0.6582174979558463 , 
297: 0 , 0 , 0.071875 , 0 , 0 , 0 , 0 , 0.14814814814814814 , 0 , 0 , 0 , 0 , 0 , 0 , 0 , 
298: 0 , 0 , 0 , 0 , 0 , 0 , 0 , 0 , 0.008264462809917356 , 0.8252326783867632 , 0.14471057884231536 , 0.6058558558558559 , 
299: 0 , 0 , 0.4444444444444444 , 0 , 0 , 0 , 0 , 0 , 0 , 0 , 0 , 0 , 0 , 0 , 0 , 0 , 0 , 0.7115384615384616 , 
300: 0 , 0 , 0 , 0.5462184873949579 , 0 , 0 , 0 , 0 , 0 , 
301: 0 , 0 , 0 , 0 , 0 , 0 , 0 , 0 , 0 , 
302: 0 , 0 , 0 , 0 , 0 , 0 , 
303: 0 , 0 , 0 , 0 , 0 , 0.05263157894736842 , 0 , 0 , 0 , 0 , 0 , 0 , 0 , 0 , 0.009345794392523364 , 0 , 0 , 0.002425712553062462 , 0 , 0 , 0.008488964346349746 , 0 , 0 , 0 , 0 , 
304: 0 , 0 , 0.2916666666666667 , 0 , 0.6072041166380789 , 0 , 0 , 0 , 0 , 
305: 0 , 0 , 0 , 0 , 0 , 0 , 0 , 0 , 0 , 0 , 0 , 0.015151515151515152 , 0.002044989775051125 , 0 , 0.4802158273381295 , 0 , 0 , 0 , 0 , 0 , 
306: 0 , 0 , 0 , 0 , 0 , 0 , 
307: 0 , 0 , 0 , 0 , 0 , 0 , 0 , 0 , 0 , 0 , 0 , 0 , 0 , 0 , 0 , 0 , 0 , 0 , 0 , 0 , 0 , 0 , 0 , 0.5863181671506937 , 0 , 0 , 0 , 0.5328947368421053 , 0 , 0 , 
308: 0 , 0.8611898016997167 , 0 , 0 , 0.26349035683085814 , 0 , 0 , 0 , 0 , 
309: 0 , 0 , 0 , 0.023255813953488372 , 0 , 0 , 0.10227272727272728 , 0.6638495417212237 , 0 , 
310: 0 , 0 , 0 , 0 , 0 , 0 , 0 , 0 , 0.6401590457256461 , 0 , 0 , 0 , 0 , 0 , 0 , 0 , 0 , 0.019305019305019305 , 0.1 , 0 , 0 , 0 , 
311: 0 , 0 , 0 , 0 , 0 , 0 , 0.15760869565217392 , 0 , 0.527190332326284 , 0.0392156862745098 , 0 , 0 , 0 , 0 , 0 , 0 , 0 , 0 , 0 , 0 , 0.4659090909090909 , 0.004048582995951417 , 
312: 0 , 0 , 0 , 0 , 0 , 0.112 , 0 , 0 , 0.8445807770961146 , 0.45670225385527874 , 0 , 0 , 0 , 0 , 0 , 0.22821576763485477 , 0 , 
313: 0 , 0 , 0 , 0 , 0 , 0 , 0 , 0.9519274376417234 , 0 , 0 , 0 , 0 , 0 , 0 , 0 , 0 , 0 , 0 , 0.019023462270133164 , 0 , 0 , 0 , 0.2182741116751269 , 
314: 0 , 0 , 0 , 0 , 0 , 0 , 0 , 0 , 0 , 0.000517063081695967 , 0 , 0 , 0 , 0 , 0 , 0 , 0 , 0 , 0 , 0 , 0.010526315789473684 , 0 , 0 , 0 , 0 , 0 , 0 , 0 , 0 , 
315: 0 , 0 , 0 , 0 , 0 , 0 , 0 , 0.0374331550802139 , 0 , 0.7890433360588717 , 0.001075268817204301 , 0 , 
316: 0 , 0 , 0 , 0 , 0 , 0 , 0 , 0 , 0 , 0 , 0 , 0 , 0.008746355685131196 , 0 , 0 , 0 , 0 , 0 , 0.0007309941520467836 , 0.7160082500396636 , 0 , 0 , 0 , 0 , 0 , 0 , 
317: 0 , 0 , 0 , 0 , 0 , 0 , 0 , 0.8057142857142857 , 0 , 0 , 0.22492401215805471 , 0 , 0.015384615384615385 , 0.5339392218119853 , 0 , 
318: 0 , 0 , 0 , 0.9761904761904762 , 0.0045871559633027525 , 0 , 0 , 0.010062893081761006 , 0 , 0.7720722213019712 , 0 , 0.17567567567567569 , 0 , 
319: 0 , 0 , 0 , 0 , 0 , 0 , 0.016260162601626018 , 0 , 0.9830575256107171 , 0.001669449081803005 , 0.06534569983136594 , 0 , 
320: 0 , 0 , 0.5153846153846153 , 0.39789069990412274 , 0 , 0 , 0 , 0 , 0.03508771929824561 , 0.9366111336854936 , 0 , 0 , 0 , 
321: 0 , 0.0024783147459727386 , 0.6610305958132046 , 0 , 0 , 0 , 0 , 0.04868913857677903 , 0 , 0 , 0 , 0 , 0.9074355083459787 , 0 , 0 , 
322: 0 , 0 , 0 , 0.9584888059701493 , 0 , 0.34210526315789475 , 0 , 0 , 0 , 0 , 0 , 
323: 0 , 0 , 0 , 0 , 0 , 0 , 0 , 0 , 0 , 0 , 0 , 0 , 0 , 0 , 0 , 0 , 0 , 0 , 0 , 0 , 0 , 0 , 0 , 0 , 0.009297520661157025 , 0 , 0.8333333333333334 , 0 , 0 , 0 , 0 , 0.024500907441016333 , 0 , 0 , 0 , 
324: 0 , 0 , 0 , 0 , 0 , 0 , 0 , 0 , 0 , 0 , 0 , 0 , 0 , 0 , 0 , 0 , 0 , 0 , 0 , 0 , 0 , 0 , 0 , 0 , 0 , 0 , 0 , 0 , 0 , 0.579619494396664 , 0 , 0.07228915662650602 , 0 , 0 , 
325: 0 , 0 , 0 , 0 , 0 , 0 , 0 , 0 , 0 , 0 , 
326: 0 , 0 , 0 , 0 , 0 , 0 , 0 , 0 , 0 , 0 , 0 , 0 , 0 , 0 , 0 , 0 , 0 , 0 , 0 , 0 , 0 , 0 , 0.09230769230769231 , 0.5304114490161002 , 0 , 0 , 0 , 0 , 0.09230769230769231 , 0 , 
327: 0 , 0.6632503660322109 , 0 , 0 , 0.37787844469611176 , 0 , 0 , 0 , 0 , 
328: 0 , 0.04119850187265917 , 0.015873015873015872 , 0 , 0.7834983498349835 , 0 , 0.17311608961303462 , 0 , 0 , 0 , 
329: 0 , 0 , 0 , 0.34615384615384615 , 0 , 0 , 0 , 0 , 0 , 0.054901960784313725 , 0 , 0 , 0 , 0 , 0.9857844404238821 , 0 , 0 , 0 , 
330: 0 , 0 , 0 , 0 , 0 , 0 , 0 , 0 , 0 , 0 , 0 , 0 , 0 , 0 , 0 , 0 , 0 , 0 , 0 , 0 , 0 , 0.6666666666666666 , 0 , 0 , 0 , 0 , 0 , 0 , 0 , 0 , 0 , 0 , 0.19148936170212766 , 0 , 0 , 0 , 0 , 0 , 0 , 0 , 0 , 0.7604815276048152 , 
331: 0 , 0 , 0 , 0 , 0 , 0 , 0 , 0 , 0 , 0.021176470588235293 , 0.006756756756756757 , 0 , 0 , 0 , 0 , 0 , 0 , 0 , 0 , 0 , 0 , 0 , 0 , 0 , 0 , 0 , 0 , 0 , 0 , 0 , 0 , 0 , 0 , 0.934130072262368 , 0 , 0 , 
332: 0 , 0 , 0 , 0 , 0 , 0 , 0 , 0 , 0.8370927318295739 , 0 , 0.0083149499406075 , 0 , 0 , 0 , 0 , 0 , 0 , 0 , 0 , 0 , 0.7411924119241192 , 0 , 0 , 
333: 0 , 0.03614457831325301 , 0.032432432432432434 , 0 , 0 , 0 , 0 , 0 , 0 , 0 , 0 , 0.9202733485193622 , 0 , 0 , 
334: 0 , 0 , 0 , 0 , 0 , 0 , 0.005025125628140704 , 0.9814814814814815 , 0 , 0 , 0.34417344173441733 , 
335: 0 , 0 , 0.5770191507077436 , 0 , 0 , 0 , 0 , 0 , 0.045454545454545456 , 0 , 0 , 0 , 0 , 0 , 0 , 0 , 0 , 0 , 0 , 0.8151290208554259 , 0 , 0 , 0 , 0 , 0 , 0 , 0 , 
336: 0 , 0 , 0.7322033898305085 , 0 , 0.12314225053078556 , 0 , 0 , 0 , 0.01126126126126126 , 0.9524576954069299 , 0.4105504587155963 , 0 , 0 , 0 , 
337: 0 , 0 , 0 , 0 , 0 , 1.0 , 0 , 0 , 0 , 0 , 0 , 0 , 0 , 0 , 0 , 0 , 0 , 0 , 0.3946815955213436 , 0 , 0 , 
338: 0 , 0 , 0 , 0 , 0 , 0 , 0 , 0 , 0 , 0 , 0 , 0 , 0 , 0 , 0 , 0.37467700258397935 , 0.5532898314301251 , 0 , 0 , 
339: 0 , 0 , 0 , 0 , 0 , 0 , 0 , 0 , 0 , 0.0845771144278607 , 0 , 0 , 0 , 0 , 0 , 0 , 0 , 0 , 0 , 0 , 0 , 0 , 0 , 0 , 0 , 0 , 0 , 0 , 0 , 0 , 0 , 0 , 0 , 0 , 0 , 0.018229166666666668 , 0 , 0 , 0 , 0 , 0 , 0 , 0 , 0 , 0 , 0 , 0 , 0 , 0 , 
340: 0 , 0 , 0 , 0 , 0 , 0 , 0 , 0 , 0 , 0 , 0 , 0 , 0 , 0.24076593073140107 , 0 , 0 , 
341: 0 , 0 , 0 , 0 , 0 , 0 , 0 , 0 , 0 , 0 , 0.12921348314606743 , 0.0652892561983471 , 0 , 0 , 0 , 0.7438214190805209 , 0 , 0 , 0.9230769230769231 , 0 , 0 , 0 , 0 , 0 , 
342: 0 , 0 , 0 , 0 , 0 , 0 , 0.10679611650485436 , 0 , 0.008426966292134831 , 0 , 0 , 0.9129763130792997 , 0 , 0 , 
343: 0 , 0 , 0.2972972972972973 , 0 , 0 , 0 , 0 , 0 , 0.9079981507165973 , 0.004032258064516129 , 0 , 0 , 0 , 
344: 0 , 0 , 0 , 0 , 0 , 0 , 0 , 0 , 0 , 0 , 0 , 0 , 0 , 0.1048951048951049 , 0 , 0 , 0.4714285714285714 , 0 , 0 , 
345: 0 , 0 , 0 , 0 , 0.022026431718061675 , 0 , 0 , 0 , 0 , 0 , 0.049689440993788817 , 0 , 0 , 0.8640529531568228 , 0 , 0 , 
346: 0 , 0 , 0 , 0 , 0 , 0 , 0 , 0 , 0 , 0 , 0 , 0 , 0 , 0 , 0 , 0 , 0 , 0 , 0.13636363636363635 , 0 , 0.03954214360041623 , 0 , 0.9351648351648352 , 0 , 
347: 0 , 0 , 0 , 0 , 0 , 0 , 0 , 0 , 0.8519485038274183 , 0.0017953321364452424 , 0 , 0 , 
348: 0 , 0.010471204188481676 , 0.006289308176100629 , 0 , 0.5238095238095238 , 0 , 0 , 0 , 0 , 0 , 
349: 0 , 0 , 0 , 0 , 0 , 0 , 0 , 0 , 0 , 0 , 0 , 0 , 0 , 0 , 0 , 0 , 0 , 0.03190519598906107 , 0.6230258302583026 , 0 , 0 , 0 , 0 , 
350: 0 , 0 , 0 , 0 , 0 , 0 , 0 , 0 , 0 , 0 , 0 , 0 , 0 , 0 , 0 , 0.034722222222222224 , 0 , 0 , 0 , 0 , 0 , 0 , 0 , 0 , 0.9475890985324947 , 0.0044444444444444444 , 0 , 0 , 0 , 
351: 0 , 0 , 0 , 0 , 0 , 0 , 0 , 0 , 0 , 0 , 0 , 0 , 0 , 0 , 0 , 0.8651960784313726 , 0.03317535545023697 , 0 , 
352: 0 , 0.1510957324106113 , 0.10444874274661509 , 0 , 0 , 0 , 0 , 0 , 0.07982954545454546 , 0 , 0 , 0 , 
353: 0 , 0 , 0 , 0.5519713261648745 , 0 , 0 , 0 , 0.9843304843304843 , 0 , 0.006514657980456026 , 0 , 0 , 0 , 0.576 , 0 , 0 , 0 , 
354: 0 , 0 , 0 , 0 , 0 , 0 , 0 , 0 , 0 , 0 , 0 , 0 , 0 , 0 , 0 , 0.025252525252525252 , 0 , 0 , 0 , 0 , 0 , 0 , 0 , 0 , 0.7667304015296367 , 0 , 0 , 0.5358090185676393 , 0 , 
355: 0 , 0 , 0.04636459430979979 , 0.9396182313985196 , 0.05563761693746923 , 0 , 0 , 0.9278408034219825 , 0.33653846153846156 , 0 , 0 , 
356: 0 , 0 , 0 , 0 , 0 , 0 , 0 , 0 , 0 , 0 , 0 , 0 , 0 , 0 , 0 , 0 , 0 , 0 , 0 , 0 , 0 , 0.05102040816326531 , 0 , 0.9847826086956522 , 
357: 0 , 0 , 0 , 0 , 0.043010752688172046 , 0.11538461538461539 , 0 , 0.6142857142857143 , 0 , 0 , 0 , 0 , 0.07142857142857142 , 0.11764705882352941 , 
358: 0 , 0.3634072580645161 , 0.1554585152838428 , 0.0009178522257916476 , 0 , 0 , 0 , 0.9082142857142858 , 0.026607538802660754 , 0 , 
359: 0 , 0 , 0 , 0 , 0 , 0 , 0 , 0 , 0 , 0 , 0 , 0.6501450039546534 , 0 , 0.8295454545454546 , 0 , 0.39378238341968913 , 0 , 0 , 0 , 
360: 0 , 0 , 0 , 0 , 0 , 0 , 0 , 0 , 0 , 0 , 0 , 0.08193668528864059 , 0 , 0 , 0 , 0 , 0 , 0 , 0 , 0.9605202043660009 , 0 , 0 , 0 , 0 , 0 , 0 , 
361: 0 , 0 , 0 , 0.060227889310906134 , 0 , 0 , 0 , 0 , 0 , 0 , 0 , 0 , 0 , 0 , 0 , 0 , 0.13253012048192772 , 0.42323651452282157 , 0 , 0 , 0 , 
362: 0 , 0 , 0 , 0 , 0 , 0 , 0.04790419161676647 , 0 , 0 , 0 , 0 , 0.05319148936170213 , 0 , 0.40519877675840976 , 0 , 0 , 
363: 0 , 0 , 0 , 0 , 0 , 0.022727272727272728 , 0 , 0 , 0 , 0 , 0 , 0 , 0 , 0 , 0.9577205882352942 , 0 , 0 , 0 , 0 , 
364: 0 , 0 , 0 , 0 , 0 , 0 , 0 , 0 , 0.014150943396226415 , 0 , 0 , 0.0058823529411764705 , 0.0196078431372549 , 0 , 0 , 0 , 0.13043478260869565 , 0 , 0.020905923344947737 , 0 , 0 , 0 , 
365: 0 , 0 , 0 , 0 , 0 , 0.006289308176100629 , 0 , 0 , 0 , 0 , 0 , 0 , 0 , 0 , 0.2518203883495146 , 0 , 0.03720238095238095 , 0 , 0.6934673366834171 , 
366: 0 , 0 , 0 , 0 , 0 , 0 , 0.6255400864138262 , 0 , 0.0058823529411764705 , 0 , 0 , 0.37920137891410516 , 0 , 
367: 0 , 0.05128205128205128 , 0 , 0 , 0.944794952681388 , 0 , 0.0010438413361169101 , 0 , 0 , 0 , 0 , 0 , 0 , 0 , 0 , 0 , 0 , 0.017142857142857144 , 0 , 0 , 0 , 0 , 0.05734767025089606 , 0.529245947850599 , 
368: 0 , 0 , 0 , 0 , 0.16129032258064516 , 0.13389830508474576 , 0 , 0 , 0.004149377593360996 , 0 , 0 , 0 , 0 , 0.9419383653416704 , 0.057291666666666664 , 
369: 0 , 0 , 0 , 0 , 0 , 0 , 0.059782608695652176 , 0 , 0 , 0.4838709677419355 , 0 , 0.29264184397163123 , 0 , 0 , 0 , 0 , 0 , 
370: 0 , 0 , 0 , 0 , 0 , 0 , 0 , 0 , 0 , 0 , 0 , 0.2975609756097561 , 0 , 0 , 0 , 0 , 0 , 0.02976190476190476 , 0 , 0 , 0 , 
371: 0 , 0 , 0.0395738203957382 , 0.023157894736842106 , 0.887542413960252 , 0 , 0.046875 , 0 , 0 , 0.35802469135802467 , 0 , 0 , 
372: 0 , 0 , 0 , 0.029411764705882353 , 0.03614457831325301 , 0 , 0.4725848563968668 , 0 , 0 , 0 , 0 , 
373: 0 , 0 , 0.011462631820265932 , 0 , 0.006880733944954129 , 0.02303030303030303 , 0 , 0 , 
374: 0 , 0 , 0 , 0 , 0 , 0 , 0 , 0 , 0 , 0 , 0 , 0 , 0 , 0 , 0 , 0 , 0 , 0 , 0 , 0 , 0 , 0 , 0 , 0 , 0 , 0.07142857142857142 , 0 , 
375: 0 , 0 , 0.05 , 0.8669438669438669 , 0.5 , 0 , 0.21428571428571427 , 0 , 0 , 0 , 
376: 0 , 0.01639344262295082 , 0 , 0 , 0 , 0 , 0 , 0 , 0.021850899742930592 , 0 , 0 , 0 , 0 , 0 , 0.004629629629629629 , 0 , 0 , 0 , 0.8743833017077799 , 0 , 0 , 
377: 0 , 0 , 0 , 0.1705607476635514 , 0 , 0 , 0 , 0.8674892703862661 , 0.012835472578763127 , 0.02949438202247191 , 0 , 0 , 0 , 0 , 0 , 0 , 0 , 0 , 0 , 0 , 0 , 0 , 0 , 0 , 
378: 0 , 0 , 0 , 0 , 0 , 0 , 0 , 0 , 0 , 0 , 0 , 0 , 0 , 0 , 0 , 0 , 0 , 0 , 0 , 0 , 0 , 0 , 0.8921302578018996 , 0.801043219076006 , 0 , 0 , 0 , 0 , 0 , 
379: 0 , 0 , 0 , 0 , 0 , 0 , 0 , 0 , 0 , 0 , 0 , 0 , 0 , 0.08274894810659186 , 0 , 0 , 0 , 0 , 0 , 
380: 0 , 0 , 0 , 0 , 0 , 0 , 0.0581039755351682 , 0 , 0 , 0 , 0 , 0.9071877180739707 , 0.12899106002554278 , 0.21226415094339623 , 0.7469879518072289 , 
381: 0 , 0 , 0 , 0.6305021116846551 , 0 , 0 , 0 , 0 , 0 , 
382: 0 , 0 , 0.3015267175572519 , 0 , 0 , 0 , 0.001984126984126984 , 0 , 0 , 0 , 
383: 0 , 0 , 0 , 0 , 0 , 0 , 0 , 0 , 0 , 0 , 0 , 0 , 0 , 0 , 0 , 0 , 0 , 0 , 0 , 0.8162393162393162 , 0 , 0 , 0 , 0 , 0.4597807152372169 , 0 , 0 , 0 , 
384: 0 , 0 , 0 , 0 , 0 , 0 , 0 , 0 , 0 , 0 , 0 , 0.6751592356687898 , 0 , 0.014492753623188406 , 
385: 0 , 0 , 0.0703125 , 0 , 0 , 0 , 0.9809619238476954 , 0 , 0.7206982543640897 , 0 , 
386: 0 , 0 , 0 , 0 , 0 , 0 , 0 , 0 , 0 , 1.0 , 0 , 0.012726054922973878 , 0 , 
387: 0 , 0 , 0 , 0 , 0.8848413631022327 , 0 , 0 , 0 , 0 , 0.08589951377633712 , 0 , 0 , 0 , 0.038461538461538464 , 0 , 0 , 0 , 0 , 0.07799442896935933 , 0 , 0 , 
388: 0 , 0 , 0 , 0 , 0 , 0.01652892561983471 , 0 , 0.3235294117647059 , 0 , 
389: 0 , 0 , 0 , 0 , 0.1535135135135135 , 0.01152482269503546 , 0.8708100558659218 , 0 , 0 , 0 , 
390: 0 , 0 , 0 , 0 , 0.34146341463414637 , 0 , 0 , 0.9753974261922785 , 0.03825136612021858 , 0.005813953488372093 , 0 , 0 , 0 , 0 , 0.6408450704225352 , 
391: 0 , 0 , 0 , 0 , 0 , 0 , 0 , 0 , 0 , 0 , 0 , 0 , 0.21054585963609357 , 0.6956797966963151 , 0 , 0 , 0 , 0 , 0 , 0 , 0 , 0 , 0 , 0.42886861897903666 , 0 , 0 , 
392: 0 , 0 , 0 , 0 , 0 , 0 , 0.41025641025641024 , 0.016544117647058824 , 0.024657534246575342 , 0.864696734059098 , 0 , 
393: 0 , 0 , 0 , 0 , 0 , 0 , 0.017857142857142856 , 0 , 0 , 0 , 0.12078152753108348 , 0 , 0 , 0 , 0 , 0 , 0 , 
394: 0 , 0.024390243902439025 , 0 , 0 , 0 , 0.23014586709886548 , 0.07073170731707316 , 0 , 0 , 0.0005299417064122947 , 0 , 0.20212765957446807 , 0 , 0 , 0 , 0 , 0 , 0 , 0 , 
395: 0 , 0 , 0 , 0 , 0 , 0 , 0 , 0 , 0 , 
396: 0 , 0 , 0 , 0 , 0 , 0 , 0 , 0 , 0 , 0 , 0 , 0 , 0 , 0 , 0 , 0 , 0 , 0 , 0.017142857142857144 , 0 , 0 , 0 , 0 , 0 , 0 , 0 , 0 , 0 , 0 , 0 , 0 , 0.17149758454106281 , 0 , 0 , 0 , 0.047619047619047616 , 0 , 0 , 0 , 0 , 
397: 0 , 0 , 0 , 0 , 0 , 0.5856573705179283 , 0 , 0 , 0 , 0.09883720930232558 , 0 , 0.14035087719298245 , 0 , 0 , 0 , 0.4523809523809524 , 0 , 0.3036161215154915 , 0 , 
398: 0 , 0 , 0.652542372881356 , 0 , 0 , 0 , 0 , 0 , 0 , 0 , 0 , 0 , 0 , 0 , 0 , 0 , 0 , 0 , 0 , 0 , 0 , 0 , 0 , 0 , 0 , 0 , 0 , 0.613940329218107 , 0 , 0 , 0 , 0 , 0 , 
399: 0 , 0 , 0 , 0 , 0 , 0 , 0 , 0 , 0 , 0 , 0 , 0 , 0 , 0 , 0 , 0 , 0 , 0 , 0 , 0 , 0 , 0 , 0 , 0 , 0 , 0 , 0 , 0 , 0 , 0 , 0 , 0 , 0 , 0.08550185873605948 , 0 , 0.1386861313868613 , 0.6223404255319149 , 0 , 0 , 0 , 
400: 0 , 0 , 0 , 0.9373795761078998 , 0 , 0 , 0.07961564859299931 , 0.06557377049180328 , 0.7709137709137709 , 0 , 
401: 0 , 0 , 0 , 0 , 0.14210526315789473 , 0 , 0 , 0 , 0 , 0 , 0 , 0 , 0.010471204188481676 , 0 , 0 , 0 , 0 , 0 , 0 , 0 , 0.9892086330935251 , 
402: 0 , 0 , 0 , 0 , 0.06842105263157895 , 0 , 0 , 0 , 0.08949771689497717 , 0 , 0.9448529411764706 , 0 , 0 , 0 , 0 , 0 , 0 , 0 , 0 , 0 , 0.021739130434782608 , 0 , 0 , 0 , 
403: 0 , 0 , 0 , 0 , 0 , 0.06666666666666667 , 0 , 0.3812799043062201 , 0 , 
404: 0 , 0 , 0 , 0 , 0 , 0 , 0 , 0 , 0 , 0 , 0 , 0 , 0 , 0 , 0 , 0 , 0 , 0 , 0 , 0 , 0 , 0.09695290858725762 , 0.5433168316831684 , 0 , 0 , 0 , 0 , 
405: 0 , 0 , 0 , 0 , 0 , 0 , 0 , 0.0036363636363636364 , 0 , 0 , 0.34833333333333333 , 0.8758872875887288 , 0 , 0 , 
406: 0 , 0 , 0 , 0 , 0 , 0 , 0.08860759493670886 , 0 , 0 , 0 , 0 , 0 , 0.3225806451612903 , 0 , 0 , 0 , 0.697724039829303 , 0 , 
407: 0 , 0 , 0 , 0 , 0 , 0 , 0 , 0 , 0 , 
408: 0 , 0 , 0 , 0 , 0 , 0.05531914893617021 , 0 , 0 , 0 , 0 , 0 , 0 , 0 , 0 , 0 , 0 , 0 , 0.584070796460177 , 0 , 0 , 0 , 0 , 0.030973451327433628 , 0.40224358974358976 , 0 , 0 , 0 , 
409: 0 , 0.1622103386809269 , 0 , 0 , 0.01020408163265306 , 0 , 0 , 0 , 0.0037831021437578815 , 0 , 0 , 0 , 0 , 0 , 0 , 0 , 0 , 0 , 0 , 0 , 0 , 0 , 0 , 0 , 0 , 0 , 0 , 0.8405448717948718 , 0 , 0 , 0 , 0 , 0 , 0 , 
410: 0 , 0 , 0 , 0 , 0 , 0.005688282138794084 , 0 , 0 , 0 , 0.9148501362397821 , 0 , 0 , 0 , 0 , 0.4318181818181818 , 0 , 0 , 
411: 0 , 0 , 0 , 0 , 0 , 0.9835164835164835 , 0 , 0 , 0 , 0 , 0.034375 , 0 , 0.8333333333333334 , 0 , 
412: 0 , 0 , 0 , 0 , 0 , 0 , 0 , 0 , 0 , 0 , 0 , 0 , 0 , 0.4566353187042842 , 0.8205841446453408 , 0.29480541172540503 , 0 , 0 , 0 , 0 , 
413: 0 , 0 , 0 , 0 , 0 , 0 , 0 , 0 , 0 , 0.0783132530120482 , 0.02145922746781116 , 0 , 0.9700176366843033 , 0 , 0 , 
414: 0 , 0 , 0 , 0 , 0 , 0 , 0 , 0 , 0 , 0 , 0 , 0 , 0 , 0 , 0 , 0 , 0 , 0 , 0 , 0 , 0.8502415458937198 , 0 , 0 , 0 , 0 , 0 , 0.5 , 0.015763546798029555 , 0 , 0 , 0.06060606060606061 , 0 , 0 , 0 , 
415: 0 , 0 , 0.8379629629629629 , 0 , 0 , 0.01583710407239819 , 0 , 0.07464454976303317 , 
416: 0 , 0 , 0 , 0 , 0 , 0 , 0 , 0 , 0 , 0 , 0 , 0.3938053097345133 , 0.05625 , 0 , 0.03125 , 0 , 0 , 0 , 0 , 0 , 0 , 0 , 0 , 0 , 
417: 0 , 0 , 0.7304785894206549 , 0 , 0 , 0.2390488110137672 , 0.8946280991735537 , 0.1038961038961039 , 0 , 0.4595744680851064 , 0 , 0 , 0 , 0 , 0 , 
418: 0 , 0 , 0 , 0 , 0 , 0 , 0 , 
419: 0 , 0 , 0 , 0 , 0 , 0.033707865168539325 , 0 , 0 , 0 , 0.3235294117647059 , 0 , 
420: 0 , 0 , 0 , 0 , 0.19047619047619047 , 0.815483476132191 , 0 , 0.1914245548266167 , 0 , 
421: 0 , 0 , 0 , 0.008264462809917356 , 0.8121617319325056 , 0.16483516483516483 , 0 , 0 , 0 , 0 , 
422: 0 , 0 , 0 , 0 , 0.03787878787878788 , 0 , 0.15209988649262202 , 0.9886845827439887 , 
423: 0 , 0.22165820642978004 , 0 , 0 , 0 , 0 , 0 , 0 , 0 , 0 , 0 , 0 , 0 , 0 , 0 , 0 , 0 , 0 , 0 , 0 , 0 , 0 , 0 , 0 , 0 , 0 , 0 , 0.16643009226401703 , 0 , 0 , 0 , 0 , 
424: 0 , 0 , 0 , 0 , 0 , 0 , 0.004024144869215292 , 0 , 0.0016366612111292963 , 0 , 0.7835218093699515 , 0 , 0 , 0.055062166962699825 , 0 , 0 , 0.7542517006802721 , 0 , 0 , 
425: 0 , 0 , 0.1640625 , 0 , 0.0005730659025787965 , 0 , 0.8735825283494331 , 0.02729044834307992 , 0.8824626865671642 , 0 , 0 , 
426: 0 , 0 , 0 , 0 , 0 , 0 , 0 , 0.013664596273291925 , 0 , 0 , 0 , 0.23720397249809014 , 0.11301369863013698 , 0 , 0.8630952380952381 , 0.03278688524590164 , 0 , 0 , 0.8282582216808769 , 
427: 0 , 0 , 0 , 0 , 0 , 0 , 0 , 0 , 0 , 0 , 0 , 0.6225425950196593 , 0.00980392156862745 , 0 , 0 , 0 , 
428: 0 , 0 , 0 , 0.9598145285935085 , 0 , 0 , 0 , 0 , 0 , 0.6208827404479579 , 0 , 
429: 0 , 0 , 0 , 0 , 0 , 0 , 0 , 0 , 0 , 0 , 0.009554140127388535 , 0 , 0 , 0.1346938775510204 , 0 , 0 , 0 , 0 , 0 , 0 , 0 , 0.7399702823179792 , 0 , 0 , 0 , 0 , 
430: 0 , 0 , 0 , 0 , 0.8558884297520661 , 0 , 0 , 0 , 0 , 0 , 0 , 0.08523206751054853 , 0.0033783783783783786 , 0 , 0 , 0 , 0 , 0 , 0.017994858611825194 , 0 , 0 , 0 , 0 , 0 , 0 , 
431: 0 , 0 , 0 , 0 , 0 , 0 , 0 , 0 , 0 , 0 , 0 , 0 , 0 , 0 , 0 , 0 , 0 , 0 , 0 , 0.9935442220787605 , 0 , 0 , 0 , 0.12343470483005367 , 0 , 0.558780127889818 , 0 , 
432: 0 , 0 , 0 , 0.15766923736075408 , 0 , 0 , 0 , 0 , 0 , 0 , 
433: 0 , 0 , 0 , 0 , 0 , 0.9991452991452991 , 0 , 0 , 0 , 0 , 0.058823529411764705 , 0 , 0 , 
434: 0 , 0 , 0 , 0.7566265060240964 , 0 , 0.5574193548387096 , 0.019067796610169493 , 0.6329763498438197 , 0.15983791085096805 , 0 , 
435: 0 , 0 , 0 , 0 , 0 , 0 , 0 , 0 , 0 , 0 , 0 , 0 , 0.034482758620689655 , 0 , 0.015172413793103448 , 0.922962962962963 , 0 , 0 , 0 , 
436: 0 , 0 , 0 , 0 , 0 , 0 , 0.08534031413612565 , 0.6943262411347517 , 0.07792207792207792 , 
437: 0 , 0 , 0 , 0 , 0 , 0 , 0 , 0 , 0 , 0 , 0 , 0 , 0 , 0 , 0 , 0 , 0.02483507954986418 , 0 , 0.6746031746031746 , 0 , 0.023066485753052916 , 0 , 0.07142857142857142 , 0 , 0 , 0 , 0 , 0 , 0 , 0 , 0 , 0 , 0 , 0 , 0 , 0 , 
438: 0 , 0 , 0.9704480457578646 , 0.007072135785007072 , 0 , 0 , 0 , 0 , 0 , 0 , 0.17415730337078653 , 0.4675572519083969 , 0.21638924455825864 , 0 , 
439: 0 , 0.2140221402214022 , 0 , 0 , 0 , 0 , 0 , 0 , 0 , 0 , 0 , 0 , 0 , 0 , 0 , 0 , 0.6104868913857678 , 0 , 0 , 0 , 
440: 0 , 0 , 0 , 0 , 0 , 0.012345679012345678 , 0.632398753894081 , 0.13980582524271845 , 0.022727272727272728 , 0 , 0 , 0 , 0 , 
441: 0 , 0 , 0 , 0.019464720194647202 , 0.11743772241992882 , 0.25976331360946747 , 0.5475969567637781 , 0 , 0 , 
442: 0 , 0 , 0 , 0 , 0 , 0.3181818181818182 , 0 , 0 , 0 , 0 , 0 , 0.019189765458422176 , 0 , 0 , 0 , 0 , 0 , 0 , 0 , 0 , 0 , 0 , 0.947069943289225 , 0 , 0 , 0 , 0 , 
443: 0 , 0.1506849315068493 , 0 , 0 , 0 , 0.026923076923076925 , 0.9372384937238494 , 0.12333333333333334 , 0 , 
444: 0 , 0 , 0 , 0 , 0 , 0 , 0 , 
445: 0 , 0 , 0 , 0 , 0 , 0 , 0 , 0 , 0 , 0 , 
446: 0 , 0 , 0 , 0.021052631578947368 , 0.810368349249659 , 0 , 
447: 0 , 0 , 0 , 0 , 0 , 0.6942637492607925 , 0 , 
448: 0 , 0.8941655359565808 , 0 , 0 , 0 , 
449: 0 , 0 , 0 , 0 , 0 , 0 , 0 , 
450: 0 , 0 , 0.019 , 0.0037174721189591076 , 0.025684931506849314 , 0 , 0 , 0 , 0 , 0 , 0.998677831643896 , 
451: 0 , 0 , 0.9266431924882629 , 0 , 0 , 0 , 
452: 0 , 0.8861720067453626 , 0.9579500657030223 , 0.3784860557768924 , 0 , 0 , 0 , 0 , 0.04136460554371002 , 0 , 0 , 0.02737226277372263 , 0 , 
453: 0 , 0.3213856146259322 , 0.9917840375586855 , 0 , 0 , 0 , 
454: 0 , 0 , 0 , 0 , 0 , 0 , 0 , 0 , 
455: 0 , 0.3056013179571664 , 0 , 0 , 0 , 0 , 0 , 
456: 0 , 0 , 0.1 , 0 , 0 , 0 , 0 , 0 , 0.7666666666666667 , 0.41732283464566927 , 0 , 0 , 
457: 0 , 0 , 0 , 0 , 0.07927927927927927 , 0.8712698758440427 , 0 , 0 , 0 , 
458: 0 , 0.0125 , 0 , 0 , 0 , 0 , 0 , 0 , 0.6033246414602347 , 0 , 0.030303030303030304 , 0.45136317738135306 , 0 , 0 , 
459: 0 , 0 , 0 , 0 , 0 , 0 , 0 , 0 , 
460: 0 , 0 , 0 , 0 , 0 , 
461: 0 , 0 , 0 , 0 , 0 , 0 , 0 , 0 , 
462: 0 , 0 , 0 , 0 , 0.185924869234427 , 0 , 0 , 0 , 0 , 
463: 0 , 0 , 0 , 0 , 0 , 0 , 0 , 
464: 0 , 0 , 0.2236842105263158 , 0.7365666434054431 , 0 , 0 , 0 , 0 , 0 , 
465: 0 , 0 , 0 , 0 , 0 , 0 , 0.22826086956521738 , 0.04304635761589404 , 0 , 0.32437192917400576 , 0 , 0 , 
466: 0 , 0 , 0 , 0 , 0 , 0 , 0 , 0 , 
467: 0 , 0 , 0 , 0 , 0 , 0 , 0 , 0 , 0 , 
468: 0 , 0 , 0 , 0.2674772036474164 , 0.8592074592074592 , 0.1719178834120101 , 0 , 0 , 0 , 
469: 0 , 0 , 0 , 0 , 0 , 0 , 0 , 0 , 
470: 0 , 0 , 0 , 0 , 0.058823529411764705 , 0.13333333333333333 , 0 , 0 , 0 , 
471: 0 , 0 , 0 , 0 , 0.07233065442020666 , 0 , 0 , 0 , 0 , 0.5693913929208047 , 0 , 0 , 0.14347826086956522 , 
472: 0 , 0 , 0 , 0 , 0 , 0 , 0.6657681940700808 , 0 , 0 , 0.028169014084507043 , 0.30874856964527203 , 0.0975609756097561 , 
473: 0 , 0 , 0.07352941176470588 , 0 , 0 , 0 , 0 , 0 , 0 , 
474: 0 , 0 , 0 , 0 , 0 , 0 , 
475: 0 , 0 , 0 , 0 , 0 , 
476: 0 , 0 , 0 , 0 , 0 , 0 , 0 , 0 , 
477: 0 , 0 , 0.17408906882591094 , 0.5315747402078337 , 0.27076041998090994 , 0.20935960591133004 , 0.011688311688311689 , 
478: 0 , 0 , 0.04626469472885855 , 0 , 0 , 0 , 0 , 0 , 
479: 0 , 0 , 0 , 0 , 0 , 0 , 0 , 0 , 0 , 0 , 0.446311858076564 , 0 , 
480: 0 , 0.0446927374301676 , 0.36077532305127136 , 0.7287735849056604 , 0 , 0.0273972602739726 , 
481: 0 , 0 , 0 , 0 , 0 , 0 , 0 , 0 , 0 , 
482: 0 , 0 , 0 , 0 , 0 , 0 , 0 , 0 , 0 , 
483: 0 , 0 , 0 , 0 , 0 , 0 , 0 , 0 , 0 , 0 , 
484: 0 , 0 , 0 , 0.03571428571428571 , 0.9455621301775148 , 0 , 0.2793791574279379 , 0 , 0 , 0 , 
485: 0 , 0 , 0 , 0 , 0 , 0 , 
486: 0 , 0 , 0 , 0 , 0 , 0 , 0 , 0 , 0 , 
487: 0 , 0 , 0 , 0.23010610079575597 , 0.738013698630137 , 0 , 0 , 0 , 
488: 0 , 0 , 0.0019801980198019802 , 0.14353687549563837 , 0 , 0.8251729643427355 , 0.13182199832073888 , 0 , 0 , 0 , 
489: 0 , 0 , 0 , 0 , 0 , 0 , 0 , 
490: 0 , 0 , 0 , 0 , 0 , 0 , 0 , 0 , 
491: 0 , 0 , 0 , 0.156794425087108 , 0.005952380952380952 , 0 , 0 , 0 , 0 , 
492: 0 , 0 , 0 , 0 , 0 , 0 , 0 , 0 , 
493: 0 , 0 , 0.054 , 0 , 0.8088012139605463 , 0 , 0 , 0 , 
494: 0 , 0.3924799324038868 , 0.015500794912559618 , 0 , 0 , 0 , 0 , 0 , 0 , 
495: 0 , 0 , 0 , 0 , 0.015763546798029555 , 0 , 0.934931506849315 , 0 , 0 , 0 , 0 , 
496: 0 , 0 , 0.8286189683860233 , 0 , 0 , 0.2692307692307692 , 0.8348962773515203 , 0.2148598739952205 , 0 , 
497: 0 , 0 , 0.9847328244274809 , 0 , 0 , 0 , 0 , 
498: 0 , 0 , 0 , 0 , 0.2953020134228188 , 0 , 0 , 0 , 0 , 
499: 0 , 0.587129840546697 , 0 , 0 , 0 , 0.1692278140606992 , 0 , 0 , 0 , 
